BoneCount: 167
RootBone: 0
BoneName: RootNode
BoneIndex: 0
BoneParentIndex: -1
BoneChildrenCount: 2
1
6
1.000000 0.000000 -0.000000 0.000000
0.000000 1.000000 -0.000000 0.000000
-0.000000 -0.000000 1.000000 -0.000000
0.000000 0.000000 -0.000000 1.000000
1.000000 0.000000 0.000000 0.000000
0.000000 1.000000 0.000000 0.000000
0.000000 0.000000 1.000000 0.000000
0.000000 0.000000 0.000000 1.000000
BoneName: Ch06_$AssimpFbx$_RotationPivot
BoneIndex: 1
BoneParentIndex: 0
BoneChildrenCount: 1
2
1.000000 0.000000 -0.000000 0.000000
0.000000 1.000000 -0.000000 0.000000
-0.000000 -0.000000 1.000000 -0.000000
0.000000 0.911414 -0.023554 1.000000
1.000000 0.000000 0.000000 0.000000
0.000000 1.000000 0.000000 0.000000
0.000000 0.000000 1.000000 0.000000
0.000000 0.000000 0.000000 1.000000
BoneName: Ch06_$AssimpFbx$_RotationPivotInverse
BoneIndex: 2
BoneParentIndex: 1
BoneChildrenCount: 1
3
1.000000 0.000000 -0.000000 0.000000
0.000000 1.000000 -0.000000 0.000000
-0.000000 -0.000000 1.000000 -0.000000
-0.000000 -0.911414 0.023554 1.000000
1.000000 0.000000 0.000000 0.000000
0.000000 1.000000 0.000000 0.000000
0.000000 0.000000 1.000000 0.000000
0.000000 0.000000 0.000000 1.000000
BoneName: Ch06_$AssimpFbx$_ScalingPivot
BoneIndex: 3
BoneParentIndex: 2
BoneChildrenCount: 1
4
1.000000 0.000000 -0.000000 0.000000
0.000000 1.000000 -0.000000 0.000000
-0.000000 -0.000000 1.000000 -0.000000
0.000000 0.911414 -0.023554 1.000000
1.000000 0.000000 0.000000 0.000000
0.000000 1.000000 0.000000 0.000000
0.000000 0.000000 1.000000 0.000000
0.000000 0.000000 0.000000 1.000000
BoneName: Ch06_$AssimpFbx$_ScalingPivotInverse
BoneIndex: 4
BoneParentIndex: 3
BoneChildrenCount: 1
5
1.000000 0.000000 -0.000000 0.000000
0.000000 1.000000 -0.000000 0.000000
-0.000000 -0.000000 1.000000 -0.000000
-0.000000 -0.911414 0.023554 1.000000
1.000000 0.000000 0.000000 0.000000
0.000000 1.000000 0.000000 0.000000
0.000000 0.000000 1.000000 0.000000
0.000000 0.000000 0.000000 1.000000
BoneName: Ch06
BoneIndex: 5
BoneParentIndex: 4
BoneChildrenCount: 0
1.000000 0.000000 -0.000000 0.000000
0.000000 1.000000 -0.000000 0.000000
-0.000000 -0.000000 1.000000 -0.000000
0.000000 0.000000 -0.000000 1.000000
1.000000 0.000000 0.000000 0.000000
0.000000 1.000000 0.000000 0.000000
0.000000 0.000000 1.000000 0.000000
0.000000 0.000000 0.000000 1.000000
BoneName: mixamorig9:Hips
BoneIndex: 6
BoneParentIndex: 0
BoneChildrenCount: 3
7
141
154
1.000000 0.000000 -0.000000 0.000000
0.000000 1.000000 -0.000000 0.000000
-0.000000 -0.000000 1.000000 -0.000000
0.000000 0.966308 0.003488 1.000000
1.000000 0.000000 -0.000000 0.000000
0.000000 1.000000 -0.000000 0.000000
-0.000000 -0.000000 1.000000 -0.000000
0.000000 -0.966308 -0.003488 1.000000
BoneName: mixamorig9:Spine_$AssimpFbx$_Translation
BoneIndex: 7
BoneParentIndex: 6
BoneChildrenCount: 1
8
1.000000 0.000000 -0.000000 0.000000
0.000000 1.000000 -0.000000 0.000000
-0.000000 -0.000000 1.000000 -0.000000
0.000000 0.117527 0.005352 1.000000
1.000000 0.000000 0.000000 0.000000
0.000000 1.000000 0.000000 0.000000
0.000000 0.000000 1.000000 0.000000
0.000000 0.000000 0.000000 1.000000
BoneName: mixamorig9:Spine_$AssimpFbx$_PreRotation
BoneIndex: 8
BoneParentIndex: 7
BoneChildrenCount: 1
9
1.000000 0.000000 -0.000000 0.000000
0.000000 0.998965 0.045491 0.000000
-0.000000 -0.045491 0.998965 -0.000000
0.000000 0.000000 -0.000000 1.000000
1.000000 0.000000 0.000000 0.000000
0.000000 1.000000 0.000000 0.000000
0.000000 0.000000 1.000000 0.000000
0.000000 0.000000 0.000000 1.000000
BoneName: mixamorig9:Spine
BoneIndex: 9
BoneParentIndex: 8
BoneChildrenCount: 1
10
1.000000 0.000000 -0.000000 0.000000
0.000000 1.000000 -0.000000 0.000000
-0.000000 -0.000000 1.000000 -0.000000
0.000000 0.000000 -0.000000 1.000000
1.000000 0.000000 -0.000000 0.000000
0.000000 0.998965 -0.045491 0.000000
-0.000000 0.045491 0.998965 -0.000000
0.000000 -1.083115 0.040474 1.000000
BoneName: mixamorig9:Spine1
BoneIndex: 10
BoneParentIndex: 9
BoneChildrenCount: 1
11
1.000000 0.000000 -0.000000 0.000000
0.000000 1.000000 -0.000000 0.000000
-0.000000 -0.000000 1.000000 -0.000000
0.000000 0.137256 -0.000000 1.000000
1.000000 0.000000 -0.000000 0.000000
0.000000 0.998965 -0.045491 0.000000
-0.000000 0.045491 0.998965 -0.000000
0.000000 -1.220371 0.040474 1.000000
BoneName: mixamorig9:Spine2
BoneIndex: 11
BoneParentIndex: 10
BoneChildrenCount: 3
12
17
79
1.000000 0.000000 -0.000000 0.000000
0.000000 1.000000 -0.000000 0.000000
-0.000000 -0.000000 1.000000 -0.000000
0.000000 0.156864 0.000000 1.000000
1.000000 0.000000 -0.000000 0.000000
0.000000 0.998965 -0.045491 0.000000
-0.000000 0.045491 0.998965 -0.000000
0.000000 -1.377236 0.040474 1.000000
BoneName: mixamorig9:Neck_$AssimpFbx$_Translation
BoneIndex: 12
BoneParentIndex: 11
BoneChildrenCount: 1
13
1.000000 0.000000 -0.000000 0.000000
0.000000 1.000000 -0.000000 0.000000
-0.000000 -0.000000 1.000000 -0.000000
0.000000 0.176472 0.000000 1.000000
1.000000 0.000000 0.000000 0.000000
0.000000 1.000000 0.000000 0.000000
0.000000 0.000000 1.000000 0.000000
0.000000 0.000000 0.000000 1.000000
BoneName: mixamorig9:Neck_$AssimpFbx$_PreRotation
BoneIndex: 13
BoneParentIndex: 12
BoneChildrenCount: 1
14
1.000000 0.000000 -0.000000 0.000000
0.000000 0.998965 -0.045491 0.000000
-0.000000 0.045491 0.998965 -0.000000
0.000000 0.000000 -0.000000 1.000000
1.000000 0.000000 0.000000 0.000000
0.000000 1.000000 0.000000 0.000000
0.000000 0.000000 1.000000 0.000000
0.000000 0.000000 0.000000 1.000000
BoneName: mixamorig9:Neck
BoneIndex: 14
BoneParentIndex: 13
BoneChildrenCount: 1
15
1.000000 0.000000 -0.000000 0.000000
0.000000 1.000000 -0.000000 0.000000
-0.000000 -0.000000 1.000000 -0.000000
0.000000 0.000000 -0.000000 1.000000
1.000000 0.000000 -0.000000 0.000000
0.000000 1.000000 0.000000 0.000000
-0.000000 -0.000000 1.000000 -0.000000
0.000000 -1.553941 -0.030247 1.000000
BoneName: mixamorig9:Head
BoneIndex: 15
BoneParentIndex: 14
BoneChildrenCount: 1
16
1.000000 0.000000 -0.000000 0.000000
0.000000 1.000000 -0.000000 0.000000
-0.000000 -0.000000 1.000000 -0.000000
0.000000 0.050166 -0.018802 1.000000
1.000000 0.000000 -0.000000 0.000000
0.000000 1.000000 0.000000 0.000000
-0.000000 -0.000000 1.000000 -0.000000
0.000000 -1.604107 -0.011445 1.000000
BoneName: mixamorig9:HeadTop_End
BoneIndex: 16
BoneParentIndex: 15
BoneChildrenCount: 0
1.000000 0.000000 -0.000000 0.000000
0.000000 1.000000 -0.000000 0.000000
-0.000000 -0.000000 1.000000 -0.000000
0.000000 0.207434 -0.077746 1.000000
1.000000 0.000000 -0.000000 0.000000
0.000000 1.000000 0.000000 0.000000
-0.000000 -0.000000 1.000000 -0.000000
0.000000 -1.811541 0.066301 1.000000
BoneName: mixamorig9:LeftShoulder_$AssimpFbx$_Translation
BoneIndex: 17
BoneParentIndex: 11
BoneChildrenCount: 1
18
1.000000 0.000000 -0.000000 0.000000
0.000000 1.000000 -0.000000 0.000000
-0.000000 -0.000000 1.000000 -0.000000
0.078497 0.147760 0.001143 1.000000
1.000000 0.000000 0.000000 0.000000
0.000000 1.000000 0.000000 0.000000
0.000000 0.000000 1.000000 0.000000
0.000000 0.000000 0.000000 1.000000
BoneName: mixamorig9:LeftShoulder_$AssimpFbx$_PreRotation
BoneIndex: 18
BoneParentIndex: 17
BoneChildrenCount: 1
19
-0.014250 -0.000164 0.999898 0.000000
0.941434 -0.336933 0.013362 0.000000
0.336896 0.941529 0.004956 -0.000000
0.000000 0.000000 -0.000000 1.000000
1.000000 0.000000 0.000000 0.000000
0.000000 1.000000 0.000000 0.000000
0.000000 0.000000 1.000000 0.000000
0.000000 0.000000 0.000000 1.000000
BoneName: mixamorig9:LeftShoulder
BoneIndex: 19
BoneParentIndex: 18
BoneChildrenCount: 1
20
1.000000 0.000000 -0.000000 0.000000
0.000000 1.000000 -0.000000 0.000000
-0.000000 -0.000000 1.000000 -0.000000
0.000000 0.000000 -0.000000 1.000000
-0.014250 0.941434 0.336896 0.000000
-0.045650 -0.337192 0.940329 0.000000
0.998856 -0.001979 0.047781 -0.000000
0.040695 0.440446 -1.462077 1.000000
BoneName: mixamorig9:LeftArm_$AssimpFbx$_Translation
BoneIndex: 20
BoneParentIndex: 19
BoneChildrenCount: 1
21
1.000000 0.000000 -0.000000 0.000000
0.000000 1.000000 -0.000000 0.000000
-0.000000 -0.000000 1.000000 -0.000000
-0.000000 0.166127 0.000000 1.000000
1.000000 0.000000 0.000000 0.000000
0.000000 1.000000 0.000000 0.000000
0.000000 0.000000 1.000000 0.000000
0.000000 0.000000 0.000000 1.000000
BoneName: mixamorig9:LeftArm_$AssimpFbx$_PreRotation
BoneIndex: 21
BoneParentIndex: 20
BoneChildrenCount: 1
22
0.998947 -0.045878 0.000000 0.000000
0.043626 0.949912 0.309457 0.000000
-0.014197 -0.309131 0.950913 -0.000000
0.000000 0.000000 -0.000000 1.000000
1.000000 0.000000 0.000000 0.000000
0.000000 1.000000 0.000000 0.000000
0.000000 0.000000 1.000000 0.000000
0.000000 0.000000 0.000000 1.000000
BoneName: mixamorig9:LeftArm
BoneIndex: 22
BoneParentIndex: 21
BoneChildrenCount: 1
23
1.000000 0.000000 -0.000000 0.000000
0.000000 1.000000 -0.000000 0.000000
-0.000000 -0.000000 1.000000 -0.000000
0.000000 0.000000 -0.000000 1.000000
-0.057426 0.997913 0.029535 0.000000
-0.030132 -0.031303 0.999056 0.000000
0.997895 0.056482 0.031867 -0.000000
0.028067 -0.190095 -1.475688 1.000000
BoneName: mixamorig9:LeftForeArm_$AssimpFbx$_Translation
BoneIndex: 23
BoneParentIndex: 22
BoneChildrenCount: 1
24
1.000000 0.000000 -0.000000 0.000000
0.000000 1.000000 -0.000000 0.000000
-0.000000 -0.000000 1.000000 -0.000000
0.000000 0.225756 -0.000000 1.000000
1.000000 0.000000 0.000000 0.000000
0.000000 1.000000 0.000000 0.000000
0.000000 0.000000 1.000000 0.000000
0.000000 0.000000 0.000000 1.000000
BoneName: mixamorig9:LeftForeArm_$AssimpFbx$_PreRotation
BoneIndex: 24
BoneParentIndex: 23
BoneChildrenCount: 1
25
0.995077 0.099100 -0.000000 0.000000
-0.098893 0.992994 0.064677 0.000000
0.006410 -0.064359 0.997906 -0.000000
0.000000 0.000000 -0.000000 1.000000
1.000000 0.000000 0.000000 0.000000
0.000000 1.000000 0.000000 0.000000
0.000000 0.000000 1.000000 0.000000
0.000000 0.000000 0.000000 1.000000
BoneName: mixamorig9:LeftForeArm
BoneIndex: 25
BoneParentIndex: 24
BoneChildrenCount: 1
26
1.000000 0.000000 -0.000000 0.000000
0.000000 1.000000 -0.000000 0.000000
-0.000000 -0.000000 1.000000 -0.000000
0.000000 0.000000 -0.000000 1.000000
0.041750 0.998511 -0.035119 0.000000
-0.033086 0.036512 0.998785 0.000000
0.998580 -0.040537 0.034561 -0.000000
-0.013282 -0.511156 -1.445654 1.000000
BoneName: mixamorig9:LeftHand_$AssimpFbx$_Translation
BoneIndex: 26
BoneParentIndex: 25
BoneChildrenCount: 1
27
1.000000 0.000000 -0.000000 0.000000
0.000000 1.000000 -0.000000 0.000000
-0.000000 -0.000000 1.000000 -0.000000
-0.000000 0.234948 0.000000 1.000000
1.000000 0.000000 0.000000 0.000000
0.000000 1.000000 0.000000 0.000000
0.000000 0.000000 1.000000 0.000000
0.000000 0.000000 0.000000 1.000000
BoneName: mixamorig9:LeftHand_$AssimpFbx$_PreRotation
BoneIndex: 27
BoneParentIndex: 26
BoneChildrenCount: 1
28
0.988319 0.048705 0.144410 0.000000
-0.033900 0.994076 -0.103266 0.000000
-0.148584 0.097165 0.984115 -0.000000
0.000000 0.000000 -0.000000 1.000000
1.000000 0.000000 0.000000 0.000000
0.000000 1.000000 0.000000 0.000000
0.000000 0.000000 1.000000 0.000000
0.000000 0.000000 0.000000 1.000000
BoneName: mixamorig9:LeftHand
BoneIndex: 28
BoneParentIndex: 27
BoneChildrenCount: 5
29
39
49
59
69
1.000000 0.000000 -0.000000 0.000000
0.000000 1.000000 -0.000000 0.000000
-0.000000 -0.000000 1.000000 -0.000000
0.000000 0.000000 -0.000000 1.000000
0.084823 0.994807 0.056255 0.000000
0.113313 -0.065723 0.991383 0.000000
0.989932 -0.077718 -0.118300 -0.000000
-0.258232 -0.591947 -1.493211 1.000000
BoneName: mixamorig9:LeftHandThumb1_$AssimpFbx$_Translation
BoneIndex: 29
BoneParentIndex: 28
BoneChildrenCount: 1
30
1.000000 0.000000 -0.000000 0.000000
0.000000 1.000000 -0.000000 0.000000
-0.000000 -0.000000 1.000000 -0.000000
-0.029352 0.029803 -0.012125 1.000000
1.000000 0.000000 0.000000 0.000000
0.000000 1.000000 0.000000 0.000000
0.000000 0.000000 1.000000 0.000000
0.000000 0.000000 0.000000 1.000000
BoneName: mixamorig9:LeftHandThumb1_$AssimpFbx$_PreRotation
BoneIndex: 30
BoneParentIndex: 29
BoneChildrenCount: 1
31
0.828121 0.560549 0.000000 0.000000
-0.537675 0.794329 -0.282749 0.000000
-0.158495 0.234151 0.959194 -0.000000
0.000000 0.000000 -0.000000 1.000000
1.000000 0.000000 0.000000 0.000000
0.000000 1.000000 0.000000 0.000000
0.000000 0.000000 1.000000 0.000000
0.000000 0.000000 0.000000 1.000000
BoneName: mixamorig9:LeftHandThumb1
BoneIndex: 31
BoneParentIndex: 30
BoneChildrenCount: 1
32
1.000000 0.000000 -0.000000 0.000000
0.000000 1.000000 -0.000000 0.000000
-0.000000 -0.000000 1.000000 -0.000000
0.000000 0.000000 -0.000000 1.000000
0.627882 0.728690 0.273450 0.000000
0.056996 -0.393445 0.917580 0.000000
0.776219 -0.560547 -0.288569 -0.000000
-0.538063 0.047966 -1.529955 1.000000
BoneName: mixamorig9:LeftHandThumb2_$AssimpFbx$_Translation
BoneIndex: 32
BoneParentIndex: 31
BoneChildrenCount: 1
33
1.000000 0.000000 -0.000000 0.000000
0.000000 1.000000 -0.000000 0.000000
-0.000000 -0.000000 1.000000 -0.000000
-0.006080 0.034307 0.000000 1.000000
1.000000 0.000000 0.000000 0.000000
0.000000 1.000000 0.000000 0.000000
0.000000 0.000000 1.000000 0.000000
0.000000 0.000000 0.000000 1.000000
BoneName: mixamorig9:LeftHandThumb2_$AssimpFbx$_PreRotation
BoneIndex: 33
BoneParentIndex: 32
BoneChildrenCount: 1
34
1.000000 0.000000 -0.000000 0.000000
0.000000 0.991184 -0.132493 0.000000
-0.000000 0.132493 0.991184 -0.000000
0.000000 0.000000 -0.000000 1.000000
1.000000 0.000000 0.000000 0.000000
0.000000 1.000000 0.000000 0.000000
0.000000 0.000000 1.000000 0.000000
0.000000 0.000000 0.000000 1.000000
BoneName: mixamorig9:LeftHandThumb2
BoneIndex: 34
BoneParentIndex: 33
BoneChildrenCount: 1
35
1.000000 0.000000 -0.000000 0.000000
0.000000 1.000000 -0.000000 0.000000
-0.000000 -0.000000 1.000000 -0.000000
0.000000 0.000000 -0.000000 1.000000
0.627882 0.686036 0.367585 0.000000
0.056996 -0.511549 0.857362 0.000000
0.776219 -0.517371 -0.360294 -0.000000
-0.531982 0.216247 -1.514657 1.000000
BoneName: mixamorig9:LeftHandThumb3_$AssimpFbx$_Translation
BoneIndex: 35
BoneParentIndex: 34
BoneChildrenCount: 1
36
1.000000 0.000000 -0.000000 0.000000
0.000000 1.000000 -0.000000 0.000000
-0.000000 -0.000000 1.000000 -0.000000
0.001052 0.034071 0.000000 1.000000
1.000000 0.000000 0.000000 0.000000
0.000000 1.000000 0.000000 0.000000
0.000000 0.000000 1.000000 0.000000
0.000000 0.000000 0.000000 1.000000
BoneName: mixamorig9:LeftHandThumb3_$AssimpFbx$_PreRotation
BoneIndex: 36
BoneParentIndex: 35
BoneChildrenCount: 1
37
1.000000 0.000000 -0.000000 0.000000
0.000000 0.998353 0.057377 0.000000
-0.000000 -0.057377 0.998353 -0.000000
0.000000 0.000000 -0.000000 1.000000
1.000000 0.000000 0.000000 0.000000
0.000000 1.000000 0.000000 0.000000
0.000000 0.000000 1.000000 0.000000
0.000000 0.000000 0.000000 1.000000
BoneName: mixamorig9:LeftHandThumb3
BoneIndex: 37
BoneParentIndex: 36
BoneChildrenCount: 1
38
1.000000 0.000000 -0.000000 0.000000
0.000000 1.000000 -0.000000 0.000000
-0.000000 -0.000000 1.000000 -0.000000
0.000000 0.000000 -0.000000 1.000000
0.627882 0.705996 0.327617 0.000000
0.056996 -0.461513 0.885300 0.000000
0.776219 -0.537192 -0.330015 -0.000000
-0.533034 0.094970 -1.522615 1.000000
BoneName: mixamorig9:LeftHandThumb4
BoneIndex: 38
BoneParentIndex: 37
BoneChildrenCount: 0
1.000000 0.000000 -0.000000 0.000000
0.000000 1.000000 -0.000000 0.000000
-0.000000 -0.000000 1.000000 -0.000000
0.005028 0.029867 0.000000 1.000000
0.627882 0.705996 0.327617 0.000000
0.056996 -0.461513 0.885300 0.000000
0.776219 -0.537192 -0.330015 -0.000000
-0.538063 0.065103 -1.522615 1.000000
BoneName: mixamorig9:LeftHandIndex1_$AssimpFbx$_Translation
BoneIndex: 39
BoneParentIndex: 28
BoneChildrenCount: 1
40
1.000000 0.000000 -0.000000 0.000000
0.000000 1.000000 -0.000000 0.000000
-0.000000 -0.000000 1.000000 -0.000000
-0.035721 0.098474 -0.001431 1.000000
1.000000 0.000000 0.000000 0.000000
0.000000 1.000000 0.000000 0.000000
0.000000 0.000000 1.000000 0.000000
0.000000 0.000000 0.000000 1.000000
BoneName: mixamorig9:LeftHandIndex1_$AssimpFbx$_PreRotation
BoneIndex: 40
BoneParentIndex: 39
BoneChildrenCount: 1
41
0.993904 0.110249 0.000000 0.000000
-0.110221 0.993657 -0.022281 0.000000
-0.002456 0.022145 0.999752 -0.000000
0.000000 0.000000 -0.000000 1.000000
1.000000 0.000000 0.000000 0.000000
0.000000 1.000000 0.000000 0.000000
0.000000 0.000000 1.000000 0.000000
0.000000 0.000000 0.000000 1.000000
BoneName: mixamorig9:LeftHandIndex1
BoneIndex: 41
BoneParentIndex: 40
BoneChildrenCount: 1
42
1.000000 0.000000 -0.000000 0.000000
0.000000 1.000000 -0.000000 0.000000
-0.000000 -0.000000 1.000000 -0.000000
0.000000 0.000000 -0.000000 1.000000
0.193982 0.977894 0.078062 0.000000
0.105377 -0.099885 0.989403 0.000000
0.975329 -0.183701 -0.122423 -0.000000
-0.297273 -0.628279 -1.506153 1.000000
BoneName: mixamorig9:LeftHandIndex2_$AssimpFbx$_Translation
BoneIndex: 42
BoneParentIndex: 41
BoneChildrenCount: 1
43
1.000000 0.000000 -0.000000 0.000000
0.000000 1.000000 -0.000000 0.000000
-0.000000 -0.000000 1.000000 -0.000000
0.000237 0.033194 0.000000 1.000000
1.000000 0.000000 0.000000 0.000000
0.000000 1.000000 0.000000 0.000000
0.000000 0.000000 1.000000 0.000000
0.000000 0.000000 0.000000 1.000000
BoneName: mixamorig9:LeftHandIndex2_$AssimpFbx$_PreRotation
BoneIndex: 43
BoneParentIndex: 42
BoneChildrenCount: 1
44
1.000000 0.000000 -0.000000 0.000000
0.000000 0.989159 -0.146848 0.000000
-0.000000 0.146848 0.989159 -0.000000
0.000000 0.000000 -0.000000 1.000000
1.000000 0.000000 0.000000 0.000000
0.000000 1.000000 0.000000 0.000000
0.000000 0.000000 1.000000 0.000000
0.000000 0.000000 0.000000 1.000000
BoneName: mixamorig9:LeftHandIndex2
BoneIndex: 44
BoneParentIndex: 43
BoneChildrenCount: 1
45
1.000000 0.000000 -0.000000 0.000000
0.000000 1.000000 -0.000000 0.000000
-0.000000 -0.000000 1.000000 -0.000000
0.000000 0.000000 -0.000000 1.000000
0.193982 0.955830 0.220818 0.000000
0.105377 -0.244093 0.964009 0.000000
0.975329 -0.163732 -0.148072 -0.000000
-0.297510 -0.433126 -1.586960 1.000000
BoneName: mixamorig9:LeftHandIndex3_$AssimpFbx$_Translation
BoneIndex: 45
BoneParentIndex: 44
BoneChildrenCount: 1
46
1.000000 0.000000 -0.000000 0.000000
0.000000 1.000000 -0.000000 0.000000
-0.000000 -0.000000 1.000000 -0.000000
-0.000121 0.030681 0.000000 1.000000
1.000000 0.000000 0.000000 0.000000
0.000000 1.000000 0.000000 0.000000
0.000000 0.000000 1.000000 0.000000
0.000000 0.000000 0.000000 1.000000
BoneName: mixamorig9:LeftHandIndex3_$AssimpFbx$_PreRotation
BoneIndex: 46
BoneParentIndex: 45
BoneChildrenCount: 1
47
1.000000 0.000000 -0.000000 0.000000
0.000000 0.999985 -0.005417 0.000000
-0.000000 0.005417 0.999985 -0.000000
0.000000 0.000000 -0.000000 1.000000
1.000000 0.000000 0.000000 0.000000
0.000000 1.000000 0.000000 0.000000
0.000000 0.000000 1.000000 0.000000
0.000000 0.000000 0.000000 1.000000
BoneName: mixamorig9:LeftHandIndex3
BoneIndex: 47
BoneParentIndex: 46
BoneChildrenCount: 1
48
1.000000 0.000000 -0.000000 0.000000
0.000000 1.000000 -0.000000 0.000000
-0.000000 -0.000000 1.000000 -0.000000
0.000000 0.000000 -0.000000 1.000000
0.193982 0.954620 0.225992 0.000000
0.105377 -0.249312 0.962673 0.000000
0.975329 -0.162927 -0.148957 -0.000000
-0.297389 -0.455204 -1.589449 1.000000
BoneName: mixamorig9:LeftHandIndex4
BoneIndex: 48
BoneParentIndex: 47
BoneChildrenCount: 0
1.000000 0.000000 -0.000000 0.000000
0.000000 1.000000 -0.000000 0.000000
-0.000000 -0.000000 1.000000 -0.000000
-0.000116 0.026641 0.000000 1.000000
0.193982 0.954620 0.225992 0.000000
0.105377 -0.249312 0.962673 0.000000
0.975329 -0.162927 -0.148957 -0.000000
-0.297273 -0.481844 -1.589449 1.000000
BoneName: mixamorig9:LeftHandMiddle1_$AssimpFbx$_Translation
BoneIndex: 49
BoneParentIndex: 28
BoneChildrenCount: 1
50
1.000000 0.000000 -0.000000 0.000000
0.000000 1.000000 -0.000000 0.000000
-0.000000 -0.000000 1.000000 -0.000000
-0.010201 0.100812 0.002759 1.000000
1.000000 0.000000 0.000000 0.000000
0.000000 1.000000 0.000000 0.000000
0.000000 0.000000 1.000000 0.000000
0.000000 0.000000 0.000000 1.000000
BoneName: mixamorig9:LeftHandMiddle1_$AssimpFbx$_PreRotation
BoneIndex: 50
BoneParentIndex: 49
BoneChildrenCount: 1
51
0.999779 0.021012 0.000000 0.000000
-0.020974 0.998003 -0.059575 0.000000
-0.001252 0.059562 0.998224 -0.000000
0.000000 0.000000 -0.000000 1.000000
1.000000 0.000000 0.000000 0.000000
0.000000 1.000000 0.000000 0.000000
0.000000 0.000000 1.000000 0.000000
0.000000 0.000000 0.000000 1.000000
BoneName: mixamorig9:LeftHandMiddle1
BoneIndex: 51
BoneParentIndex: 50
BoneChildrenCount: 1
52
1.000000 0.000000 -0.000000 0.000000
0.000000 1.000000 -0.000000 0.000000
-0.000000 -0.000000 1.000000 -0.000000
0.000000 0.000000 -0.000000 1.000000
0.105707 0.987690 0.115302 0.000000
0.111907 -0.127030 0.985566 0.000000
0.988080 -0.091278 -0.123958 -0.000000
-0.262533 -0.597051 -1.534264 1.000000
BoneName: mixamorig9:LeftHandMiddle2_$AssimpFbx$_Translation
BoneIndex: 52
BoneParentIndex: 51
BoneChildrenCount: 1
53
1.000000 0.000000 -0.000000 0.000000
0.000000 1.000000 -0.000000 0.000000
-0.000000 -0.000000 1.000000 -0.000000
0.000134 0.035207 0.000000 1.000000
1.000000 0.000000 0.000000 0.000000
0.000000 1.000000 0.000000 0.000000
0.000000 0.000000 1.000000 0.000000
0.000000 0.000000 0.000000 1.000000
BoneName: mixamorig9:LeftHandMiddle2_$AssimpFbx$_PreRotation
BoneIndex: 53
BoneParentIndex: 52
BoneChildrenCount: 1
54
1.000000 0.000000 -0.000000 0.000000
0.000000 0.988910 -0.148514 0.000000
-0.000000 0.148514 0.988910 -0.000000
0.000000 0.000000 -0.000000 1.000000
1.000000 0.000000 0.000000 0.000000
0.000000 1.000000 0.000000 0.000000
0.000000 0.000000 1.000000 0.000000
0.000000 0.000000 0.000000 1.000000
BoneName: mixamorig9:LeftHandMiddle2
BoneIndex: 54
BoneParentIndex: 53
BoneChildrenCount: 1
55
1.000000 0.000000 -0.000000 0.000000
0.000000 1.000000 -0.000000 0.000000
-0.000000 -0.000000 1.000000 -0.000000
0.000000 0.000000 -0.000000 1.000000
0.105707 0.959613 0.260709 0.000000
0.111907 -0.271992 0.955770 0.000000
0.988080 -0.071857 -0.136139 -0.000000
-0.262667 -0.397387 -1.611149 1.000000
BoneName: mixamorig9:LeftHandMiddle3_$AssimpFbx$_Translation
BoneIndex: 55
BoneParentIndex: 54
BoneChildrenCount: 1
56
1.000000 0.000000 -0.000000 0.000000
0.000000 1.000000 -0.000000 0.000000
-0.000000 -0.000000 1.000000 -0.000000
-0.000179 0.032746 -0.000000 1.000000
1.000000 0.000000 0.000000 0.000000
0.000000 1.000000 0.000000 0.000000
0.000000 0.000000 1.000000 0.000000
0.000000 0.000000 0.000000 1.000000
BoneName: mixamorig9:LeftHandMiddle3_$AssimpFbx$_PreRotation
BoneIndex: 56
BoneParentIndex: 55
BoneChildrenCount: 1
57
1.000000 0.000000 -0.000000 0.000000
0.000000 0.993645 0.112559 0.000000
-0.000000 -0.112559 0.993645 -0.000000
0.000000 0.000000 -0.000000 1.000000
1.000000 0.000000 0.000000 0.000000
0.000000 1.000000 0.000000 0.000000
0.000000 0.000000 1.000000 0.000000
0.000000 0.000000 0.000000 1.000000
BoneName: mixamorig9:LeftHandMiddle3
BoneIndex: 57
BoneParentIndex: 56
BoneChildrenCount: 1
58
1.000000 0.000000 -0.000000 0.000000
0.000000 1.000000 -0.000000 0.000000
-0.000000 -0.000000 1.000000 -0.000000
0.000000 0.000000 -0.000000 1.000000
0.105707 0.982860 0.151038 0.000000
0.111907 -0.162682 0.980312 0.000000
0.988080 -0.086724 -0.127186 -0.000000
-0.262488 -0.608750 -1.552495 1.000000
BoneName: mixamorig9:LeftHandMiddle4
BoneIndex: 58
BoneParentIndex: 57
BoneChildrenCount: 0
1.000000 0.000000 -0.000000 0.000000
0.000000 1.000000 -0.000000 0.000000
-0.000000 -0.000000 1.000000 -0.000000
0.000045 0.029180 0.000000 1.000000
0.105707 0.982860 0.151038 0.000000
0.111907 -0.162682 0.980312 0.000000
0.988080 -0.086724 -0.127186 -0.000000
-0.262533 -0.637929 -1.552495 1.000000
BoneName: mixamorig9:LeftHandRing1_$AssimpFbx$_Translation
BoneIndex: 59
BoneParentIndex: 28
BoneChildrenCount: 1
60
1.000000 0.000000 -0.000000 0.000000
0.000000 1.000000 -0.000000 0.000000
-0.000000 -0.000000 1.000000 -0.000000
0.011242 0.101775 0.002497 1.000000
1.000000 0.000000 0.000000 0.000000
0.000000 1.000000 0.000000 0.000000
0.000000 0.000000 1.000000 0.000000
0.000000 0.000000 0.000000 1.000000
BoneName: mixamorig9:LeftHandRing1_$AssimpFbx$_PreRotation
BoneIndex: 60
BoneParentIndex: 59
BoneChildrenCount: 1
61
0.994506 -0.104678 0.000000 0.000000
0.102968 0.978266 -0.179979 0.000000
0.018840 0.178991 0.983670 -0.000000
0.000000 0.000000 -0.000000 1.000000
1.000000 0.000000 0.000000 0.000000
0.000000 1.000000 0.000000 0.000000
0.000000 0.000000 1.000000 0.000000
0.000000 0.000000 0.000000 1.000000
BoneName: mixamorig9:LeftHandRing1
BoneIndex: 61
BoneParentIndex: 60
BoneChildrenCount: 1
62
1.000000 0.000000 -0.000000 0.000000
0.000000 1.000000 -0.000000 0.000000
-0.000000 -0.000000 1.000000 -0.000000
0.000000 0.000000 -0.000000 1.000000
-0.019777 0.971795 0.234995 0.000000
0.119571 -0.231055 0.965565 0.000000
0.992629 0.047194 -0.111629 -0.000000
-0.195377 -0.437196 -1.600530 1.000000
BoneName: mixamorig9:LeftHandRing2_$AssimpFbx$_Translation
BoneIndex: 62
BoneParentIndex: 61
BoneChildrenCount: 1
63
1.000000 0.000000 -0.000000 0.000000
0.000000 1.000000 -0.000000 0.000000
-0.000000 -0.000000 1.000000 -0.000000
-0.000085 0.027423 -0.000000 1.000000
1.000000 0.000000 0.000000 0.000000
0.000000 1.000000 0.000000 0.000000
0.000000 0.000000 1.000000 0.000000
0.000000 0.000000 0.000000 1.000000
BoneName: mixamorig9:LeftHandRing2_$AssimpFbx$_PreRotation
BoneIndex: 63
BoneParentIndex: 62
BoneChildrenCount: 1
64
1.000000 0.000000 -0.000000 0.000000
0.000000 0.998632 -0.052291 0.000000
-0.000000 0.052291 0.998632 -0.000000
0.000000 0.000000 -0.000000 1.000000
1.000000 0.000000 0.000000 0.000000
0.000000 1.000000 0.000000 0.000000
0.000000 0.000000 1.000000 0.000000
0.000000 0.000000 0.000000 1.000000
BoneName: mixamorig9:LeftHandRing2
BoneIndex: 64
BoneParentIndex: 63
BoneChildrenCount: 1
65
1.000000 0.000000 -0.000000 0.000000
0.000000 1.000000 -0.000000 0.000000
-0.000000 -0.000000 1.000000 -0.000000
0.000000 0.000000 -0.000000 1.000000
-0.019777 0.958178 0.285490 0.000000
0.119571 -0.281230 0.952162 0.000000
0.992629 0.052967 -0.109008 -0.000000
-0.195291 -0.380289 -1.622636 1.000000
BoneName: mixamorig9:LeftHandRing3_$AssimpFbx$_Translation
BoneIndex: 65
BoneParentIndex: 64
BoneChildrenCount: 1
66
1.000000 0.000000 -0.000000 0.000000
0.000000 1.000000 -0.000000 0.000000
-0.000000 -0.000000 1.000000 -0.000000
-0.000154 0.028440 -0.000000 1.000000
1.000000 0.000000 0.000000 0.000000
0.000000 1.000000 0.000000 0.000000
0.000000 0.000000 1.000000 0.000000
0.000000 0.000000 0.000000 1.000000
BoneName: mixamorig9:LeftHandRing3_$AssimpFbx$_PreRotation
BoneIndex: 66
BoneParentIndex: 65
BoneChildrenCount: 1
67
1.000000 0.000000 -0.000000 0.000000
0.000000 0.926675 0.375864 0.000000
-0.000000 -0.375864 0.926675 -0.000000
0.000000 0.000000 -0.000000 1.000000
1.000000 0.000000 0.000000 0.000000
0.000000 1.000000 0.000000 0.000000
0.000000 0.000000 1.000000 0.000000
0.000000 0.000000 0.000000 1.000000
BoneName: mixamorig9:LeftHandRing3
BoneIndex: 67
BoneParentIndex: 66
BoneChildrenCount: 1
68
1.000000 0.000000 -0.000000 0.000000
0.000000 1.000000 -0.000000 0.000000
-0.000000 -0.000000 1.000000 -0.000000
0.000000 0.000000 -0.000000 1.000000
-0.019777 0.995225 -0.095587 0.000000
0.119571 0.097274 0.988049 0.000000
0.992629 0.008111 -0.120923 -0.000000
-0.195137 -0.988648 -1.350030 1.000000
BoneName: mixamorig9:LeftHandRing4
BoneIndex: 68
BoneParentIndex: 67
BoneChildrenCount: 0
1.000000 0.000000 -0.000000 0.000000
0.000000 1.000000 -0.000000 0.000000
-0.000000 -0.000000 1.000000 -0.000000
0.000240 0.021343 -0.000000 1.000000
-0.019777 0.995225 -0.095587 0.000000
0.119571 0.097274 0.988049 0.000000
0.992629 0.008111 -0.120923 -0.000000
-0.195377 -1.009992 -1.350030 1.000000
BoneName: mixamorig9:LeftHandPinky1_$AssimpFbx$_Translation
BoneIndex: 69
BoneParentIndex: 28
BoneChildrenCount: 1
70
1.000000 0.000000 -0.000000 0.000000
0.000000 1.000000 -0.000000 0.000000
-0.000000 -0.000000 1.000000 -0.000000
0.034680 0.091035 0.000398 1.000000
1.000000 0.000000 0.000000 0.000000
0.000000 1.000000 0.000000 0.000000
0.000000 0.000000 1.000000 0.000000
0.000000 0.000000 0.000000 1.000000
BoneName: mixamorig9:LeftHandPinky1_$AssimpFbx$_PreRotation
BoneIndex: 70
BoneParentIndex: 69
BoneChildrenCount: 1
71
0.998811 -0.048749 0.000000 0.000000
0.048163 0.986808 -0.154562 0.000000
0.007535 0.154379 0.987983 -0.000000
0.000000 0.000000 -0.000000 1.000000
1.000000 0.000000 0.000000 0.000000
0.000000 1.000000 0.000000 0.000000
0.000000 0.000000 1.000000 0.000000
0.000000 0.000000 0.000000 1.000000
BoneName: mixamorig9:LeftHandPinky1
BoneIndex: 71
BoneParentIndex: 70
BoneChildrenCount: 1
72
1.000000 0.000000 -0.000000 0.000000
0.000000 1.000000 -0.000000 0.000000
-0.000000 -0.000000 1.000000 -0.000000
0.000000 0.000000 -0.000000 1.000000
0.036227 0.977074 0.209795 0.000000
0.116383 -0.212629 0.970177 0.000000
0.992544 -0.010730 -0.121417 -0.000000
-0.259270 -0.457224 -1.583305 1.000000
BoneName: mixamorig9:LeftHandPinky2_$AssimpFbx$_Translation
BoneIndex: 72
BoneParentIndex: 71
BoneChildrenCount: 1
73
1.000000 0.000000 -0.000000 0.000000
0.000000 1.000000 -0.000000 0.000000
-0.000000 -0.000000 1.000000 -0.000000
0.000034 0.026417 0.000000 1.000000
1.000000 0.000000 0.000000 0.000000
0.000000 1.000000 0.000000 0.000000
0.000000 0.000000 1.000000 0.000000
0.000000 0.000000 0.000000 1.000000
BoneName: mixamorig9:LeftHandPinky2_$AssimpFbx$_PreRotation
BoneIndex: 73
BoneParentIndex: 72
BoneChildrenCount: 1
74
1.000000 0.000000 -0.000000 0.000000
0.000000 0.989522 -0.144384 0.000000
-0.000000 0.144384 0.989522 -0.000000
0.000000 0.000000 -0.000000 1.000000
1.000000 0.000000 0.000000 0.000000
0.000000 1.000000 0.000000 0.000000
0.000000 0.000000 1.000000 0.000000
0.000000 0.000000 0.000000 1.000000
BoneName: mixamorig9:LeftHandPinky2
BoneIndex: 74
BoneParentIndex: 73
BoneChildrenCount: 1
75
1.000000 0.000000 -0.000000 0.000000
0.000000 1.000000 -0.000000 0.000000
-0.000000 -0.000000 1.000000 -0.000000
0.000000 0.000000 -0.000000 1.000000
0.036227 0.936545 0.348670 0.000000
0.116383 -0.350479 0.929311 0.000000
0.992544 0.006913 -0.121694 -0.000000
-0.259303 -0.249969 -1.636545 1.000000
BoneName: mixamorig9:LeftHandPinky3_$AssimpFbx$_Translation
BoneIndex: 75
BoneParentIndex: 74
BoneChildrenCount: 1
76
1.000000 0.000000 -0.000000 0.000000
0.000000 1.000000 -0.000000 0.000000
-0.000000 -0.000000 1.000000 -0.000000
-0.000141 0.022011 -0.000000 1.000000
1.000000 0.000000 0.000000 0.000000
0.000000 1.000000 0.000000 0.000000
0.000000 0.000000 1.000000 0.000000
0.000000 0.000000 0.000000 1.000000
BoneName: mixamorig9:LeftHandPinky3_$AssimpFbx$_PreRotation
BoneIndex: 76
BoneParentIndex: 75
BoneChildrenCount: 1
77
1.000000 0.000000 -0.000000 0.000000
0.000000 0.970090 0.242747 0.000000
-0.000000 -0.242747 0.970090 -0.000000
0.000000 0.000000 -0.000000 1.000000
1.000000 0.000000 0.000000 0.000000
0.000000 1.000000 0.000000 0.000000
0.000000 0.000000 1.000000 0.000000
0.000000 0.000000 0.000000 1.000000
BoneName: mixamorig9:LeftHandPinky3
BoneIndex: 77
BoneParentIndex: 76
BoneChildrenCount: 1
78
1.000000 0.000000 -0.000000 0.000000
0.000000 1.000000 -0.000000 0.000000
-0.000000 -0.000000 1.000000 -0.000000
0.000000 0.000000 -0.000000 1.000000
0.036227 0.993171 0.110898 0.000000
0.116383 -0.114409 0.986593 0.000000
0.992544 -0.022835 -0.119733 -0.000000
-0.259162 -0.661111 -1.521573 1.000000
BoneName: mixamorig9:LeftHandPinky4
BoneIndex: 78
BoneParentIndex: 77
BoneChildrenCount: 0
1.000000 0.000000 -0.000000 0.000000
0.000000 1.000000 -0.000000 0.000000
-0.000000 -0.000000 1.000000 -0.000000
0.000108 0.017961 0.000000 1.000000
0.036227 0.993171 0.110898 0.000000
0.116383 -0.114409 0.986593 0.000000
0.992544 -0.022835 -0.119733 -0.000000
-0.259270 -0.679072 -1.521573 1.000000
BoneName: mixamorig9:RightShoulder_$AssimpFbx$_Translation
BoneIndex: 79
BoneParentIndex: 11
BoneChildrenCount: 1
80
1.000000 0.000000 -0.000000 0.000000
0.000000 1.000000 -0.000000 0.000000
-0.000000 -0.000000 1.000000 -0.000000
-0.078497 0.147775 0.001471 1.000000
1.000000 0.000000 0.000000 0.000000
0.000000 1.000000 0.000000 0.000000
0.000000 0.000000 1.000000 0.000000
0.000000 0.000000 0.000000 1.000000
BoneName: mixamorig9:RightShoulder_$AssimpFbx$_PreRotation
BoneIndex: 80
BoneParentIndex: 79
BoneChildrenCount: 1
81
-0.018446 0.000157 -0.999830 0.000000
-0.941434 -0.336753 0.017316 0.000000
-0.336693 0.941593 0.006359 -0.000000
0.000000 0.000000 -0.000000 1.000000
1.000000 0.000000 0.000000 0.000000
0.000000 1.000000 0.000000 0.000000
0.000000 0.000000 1.000000 0.000000
0.000000 0.000000 0.000000 1.000000
BoneName: mixamorig9:RightShoulder
BoneIndex: 81
BoneParentIndex: 80
BoneChildrenCount: 1
82
1.000000 0.000000 -0.000000 0.000000
0.000000 1.000000 -0.000000 0.000000
-0.000000 -0.000000 1.000000 -0.000000
0.000000 0.000000 -0.000000 1.000000
-0.018446 -0.941434 -0.336693 0.000000
0.045639 -0.337192 0.940329 0.000000
-0.998788 0.001979 0.049187 -0.000000
-0.040683 0.440326 -1.462121 1.000000
BoneName: mixamorig9:RightArm_$AssimpFbx$_Translation
BoneIndex: 82
BoneParentIndex: 81
BoneChildrenCount: 1
83
1.000000 0.000000 -0.000000 0.000000
0.000000 1.000000 -0.000000 0.000000
-0.000000 -0.000000 1.000000 -0.000000
0.000000 0.166127 0.000000 1.000000
1.000000 0.000000 0.000000 0.000000
0.000000 1.000000 0.000000 0.000000
0.000000 0.000000 1.000000 0.000000
0.000000 0.000000 0.000000 1.000000
BoneName: mixamorig9:RightArm_$AssimpFbx$_PreRotation
BoneIndex: 83
BoneParentIndex: 82
BoneChildrenCount: 1
84
0.999306 0.037250 -0.000000 0.000000
-0.035425 0.950336 0.309203 0.000000
0.011518 -0.308988 0.950996 -0.000000
0.000000 0.000000 -0.000000 1.000000
1.000000 0.000000 0.000000 0.000000
0.000000 1.000000 0.000000 0.000000
0.000000 0.000000 1.000000 0.000000
0.000000 0.000000 0.000000 1.000000
BoneName: mixamorig9:RightArm
BoneIndex: 84
BoneParentIndex: 83
BoneChildrenCount: 1
85
1.000000 0.000000 -0.000000 0.000000
0.000000 1.000000 -0.000000 0.000000
-0.000000 -0.000000 1.000000 -0.000000
0.000000 0.000000 -0.000000 1.000000
-0.053502 -0.998132 -0.029514 0.000000
0.033047 -0.031310 0.998963 0.000000
-0.998021 0.052471 0.034661 -0.000000
-0.030441 -0.190069 -1.475664 1.000000
BoneName: mixamorig9:RightForeArm_$AssimpFbx$_Translation
BoneIndex: 85
BoneParentIndex: 84
BoneChildrenCount: 1
86
1.000000 0.000000 -0.000000 0.000000
0.000000 1.000000 -0.000000 0.000000
-0.000000 -0.000000 1.000000 -0.000000
-0.000000 0.225706 0.000000 1.000000
1.000000 0.000000 0.000000 0.000000
0.000000 1.000000 0.000000 0.000000
0.000000 0.000000 1.000000 0.000000
0.000000 0.000000 0.000000 1.000000
BoneName: mixamorig9:RightForeArm_$AssimpFbx$_PreRotation
BoneIndex: 86
BoneParentIndex: 85
BoneChildrenCount: 1
87
0.995589 -0.093827 -0.000000 0.000000
0.093631 0.993509 0.064594 0.000000
-0.006061 -0.064309 0.997912 -0.000000
0.000000 0.000000 -0.000000 1.000000
1.000000 0.000000 0.000000 0.000000
0.000000 1.000000 0.000000 0.000000
0.000000 0.000000 1.000000 0.000000
0.000000 0.000000 0.000000 1.000000
BoneName: mixamorig9:RightForeArm
BoneIndex: 87
BoneParentIndex: 86
BoneChildrenCount: 1
88
1.000000 0.000000 -0.000000 0.000000
0.000000 1.000000 -0.000000 0.000000
-0.000000 -0.000000 1.000000 -0.000000
0.000000 0.000000 -0.000000 1.000000
0.040385 -0.998569 0.035061 0.000000
0.035839 0.036515 0.998690 0.000000
-0.998541 -0.039076 0.037263 -0.000000
0.008704 -0.511245 -1.445660 1.000000
BoneName: mixamorig9:RightHand_$AssimpFbx$_Translation
BoneIndex: 88
BoneParentIndex: 87
BoneChildrenCount: 1
89
1.000000 0.000000 -0.000000 0.000000
0.000000 1.000000 -0.000000 0.000000
-0.000000 -0.000000 1.000000 -0.000000
0.000000 0.234934 0.000000 1.000000
1.000000 0.000000 0.000000 0.000000
0.000000 1.000000 0.000000 0.000000
0.000000 0.000000 1.000000 0.000000
0.000000 0.000000 0.000000 1.000000
BoneName: mixamorig9:RightHand_$AssimpFbx$_PreRotation
BoneIndex: 89
BoneParentIndex: 88
BoneChildrenCount: 1
90
0.990317 -0.055275 -0.127348 0.000000
0.041843 0.993503 -0.105838 0.000000
0.132371 0.099485 0.986195 -0.000000
0.000000 0.000000 -0.000000 1.000000
1.000000 0.000000 0.000000 0.000000
0.000000 1.000000 0.000000 0.000000
0.000000 0.000000 1.000000 0.000000
0.000000 0.000000 0.000000 1.000000
BoneName: mixamorig9:RightHand
BoneIndex: 90
BoneParentIndex: 89
BoneChildrenCount: 5
91
101
111
121
131
1.000000 0.000000 -0.000000 0.000000
0.000000 1.000000 -0.000000 0.000000
-0.000000 -0.000000 1.000000 -0.000000
0.000000 0.000000 -0.000000 1.000000
0.090726 -0.994102 -0.059420 0.000000
-0.093707 -0.067923 0.993280 0.000000
-0.991457 -0.084548 -0.099317 -0.000000
0.233967 -0.587961 -1.498784 1.000000
BoneName: mixamorig9:RightHandThumb1_$AssimpFbx$_Translation
BoneIndex: 91
BoneParentIndex: 90
BoneChildrenCount: 1
92
1.000000 0.000000 -0.000000 0.000000
0.000000 1.000000 -0.000000 0.000000
-0.000000 -0.000000 1.000000 -0.000000
0.030255 0.032117 -0.014099 1.000000
1.000000 0.000000 0.000000 0.000000
0.000000 1.000000 0.000000 0.000000
0.000000 0.000000 1.000000 0.000000
0.000000 0.000000 0.000000 1.000000
BoneName: mixamorig9:RightHandThumb1_$AssimpFbx$_PreRotation
BoneIndex: 92
BoneParentIndex: 91
BoneChildrenCount: 1
93
0.848860 -0.528617 0.000000 0.000000
0.502594 0.807072 -0.309894 0.000000
0.163815 0.263056 0.950771 -0.000000
0.000000 0.000000 -0.000000 1.000000
1.000000 0.000000 0.000000 0.000000
0.000000 1.000000 0.000000 0.000000
0.000000 0.000000 1.000000 0.000000
0.000000 0.000000 0.000000 1.000000
BoneName: mixamorig9:RightHandThumb1
BoneIndex: 93
BoneParentIndex: 92
BoneChildrenCount: 1
94
1.000000 0.000000 -0.000000 0.000000
0.000000 1.000000 -0.000000 0.000000
-0.000000 -0.000000 1.000000 -0.000000
0.000000 0.000000 -0.000000 1.000000
0.602513 -0.738300 -0.303137 0.000000
-0.043639 -0.409726 0.911164 0.000000
-0.796915 -0.535759 -0.279084 -0.000000
0.500707 0.062032 -1.541340 1.000000
BoneName: mixamorig9:RightHandThumb2_$AssimpFbx$_Translation
BoneIndex: 94
BoneParentIndex: 93
BoneChildrenCount: 1
95
1.000000 0.000000 -0.000000 0.000000
0.000000 1.000000 -0.000000 0.000000
-0.000000 -0.000000 1.000000 -0.000000
0.006964 0.036397 -0.000000 1.000000
1.000000 0.000000 0.000000 0.000000
0.000000 1.000000 0.000000 0.000000
0.000000 0.000000 1.000000 0.000000
0.000000 0.000000 0.000000 1.000000
BoneName: mixamorig9:RightHandThumb2_$AssimpFbx$_PreRotation
BoneIndex: 95
BoneParentIndex: 94
BoneChildrenCount: 1
96
1.000000 0.000000 -0.000000 0.000000
0.000000 0.995847 -0.091047 0.000000
-0.000000 0.091047 0.995847 -0.000000
0.000000 0.000000 -0.000000 1.000000
1.000000 0.000000 0.000000 0.000000
0.000000 1.000000 0.000000 0.000000
0.000000 0.000000 1.000000 0.000000
0.000000 0.000000 0.000000 1.000000
BoneName: mixamorig9:RightHandThumb2
BoneIndex: 96
BoneParentIndex: 95
BoneChildrenCount: 1
97
1.000000 0.000000 -0.000000 0.000000
0.000000 1.000000 -0.000000 0.000000
-0.000000 -0.000000 1.000000 -0.000000
0.000000 0.000000 -0.000000 1.000000
0.602513 -0.707634 -0.369098 0.000000
-0.043639 -0.490983 0.870075 0.000000
-0.796915 -0.508124 -0.326704 -0.000000
0.493744 0.165863 -1.532604 1.000000
BoneName: mixamorig9:RightHandThumb3_$AssimpFbx$_Translation
BoneIndex: 97
BoneParentIndex: 96
BoneChildrenCount: 1
98
1.000000 0.000000 -0.000000 0.000000
0.000000 1.000000 -0.000000 0.000000
-0.000000 -0.000000 1.000000 -0.000000
-0.000856 0.032703 0.000000 1.000000
1.000000 0.000000 0.000000 0.000000
0.000000 1.000000 0.000000 0.000000
0.000000 0.000000 1.000000 0.000000
0.000000 0.000000 0.000000 1.000000
BoneName: mixamorig9:RightHandThumb3_$AssimpFbx$_PreRotation
BoneIndex: 98
BoneParentIndex: 97
BoneChildrenCount: 1
99
1.000000 0.000000 -0.000000 0.000000
0.000000 0.999914 0.013085 0.000000
-0.000000 -0.013085 0.999914 -0.000000
0.000000 0.000000 -0.000000 1.000000
1.000000 0.000000 0.000000 0.000000
0.000000 1.000000 0.000000 0.000000
0.000000 0.000000 1.000000 0.000000
0.000000 0.000000 0.000000 1.000000
BoneName: mixamorig9:RightHandThumb3
BoneIndex: 99
BoneParentIndex: 98
BoneChildrenCount: 1
100
1.000000 0.000000 -0.000000 0.000000
0.000000 1.000000 -0.000000 0.000000
