BoneCount: 72
RootBone: 0
BoneName: RootNode
BoneIndex: 0
BoneParentIndex: -1
BoneChildrenCount: 7
1
66
67
68
69
70
71
1.000000 0.000000 -0.000000 0.000000
0.000000 1.000000 -0.000000 0.000000
-0.000000 -0.000000 1.000000 -0.000000
0.000000 0.000000 -0.000000 1.000000
1.000000 0.000000 0.000000 0.000000
0.000000 1.000000 0.000000 0.000000
0.000000 0.000000 1.000000 0.000000
0.000000 0.000000 0.000000 1.000000
BoneName: mixamorig10:Hips
BoneIndex: 1
BoneParentIndex: 0
BoneChildrenCount: 3
2
56
61
1.000000 0.000000 -0.000000 0.000000
0.000000 1.000000 -0.000000 0.000000
-0.000000 -0.000000 1.000000 -0.000000
0.000000 0.960553 -0.024997 1.000000
1.000000 0.000000 -0.000000 0.000000
0.000000 1.000000 -0.000000 0.000000
-0.000000 -0.000000 1.000000 -0.000000
0.000000 -0.960553 0.024997 1.000000
BoneName: mixamorig10:Spine
BoneIndex: 2
BoneParentIndex: 1
BoneChildrenCount: 1
3
1.000000 0.000000 -0.000000 0.000000
0.000000 0.994184 0.107698 0.000000
-0.000000 -0.107698 0.994184 -0.000000
0.000000 0.100679 0.010906 1.000000
1.000000 0.000000 -0.000000 0.000000
0.000000 0.994184 -0.107698 0.000000
-0.000000 0.107698 0.994184 -0.000000
0.000000 -1.053542 0.128302 1.000000
BoneName: mixamorig10:Spine1
BoneIndex: 3
BoneParentIndex: 2
BoneChildrenCount: 1
4
1.000000 0.000000 -0.000000 0.000000
0.000000 1.000000 -0.000000 0.000000
-0.000000 -0.000000 1.000000 -0.000000
0.000000 0.118146 0.000000 1.000000
1.000000 0.000000 -0.000000 0.000000
0.000000 0.994184 -0.107699 0.000000
-0.000000 0.107699 0.994184 -0.000000
0.000000 -1.171689 0.128302 1.000000
BoneName: mixamorig10:Spine2
BoneIndex: 4
BoneParentIndex: 3
BoneChildrenCount: 3
5
8
32
1.000000 0.000000 -0.000000 0.000000
0.000000 1.000000 -0.000000 0.000000
-0.000000 -0.000000 1.000000 -0.000000
0.000000 0.135024 -0.000000 1.000000
1.000000 0.000000 -0.000000 0.000000
0.000000 0.994184 -0.107699 0.000000
-0.000000 0.107699 0.994184 -0.000000
0.000000 -1.306713 0.128302 1.000000
BoneName: mixamorig10:Neck
BoneIndex: 5
BoneParentIndex: 4
BoneChildrenCount: 1
6
1.000000 0.000000 -0.000000 0.000000
0.000000 0.994184 -0.107699 0.000000
-0.000000 0.107699 0.994184 -0.000000
0.000000 0.151902 -0.000000 1.000000
1.000000 0.000000 -0.000000 0.000000
0.000000 1.000000 0.000000 0.000000
-0.000000 -0.000000 1.000000 -0.000000
0.000000 -1.463950 -0.029535 1.000000
BoneName: mixamorig10:Head
BoneIndex: 6
BoneParentIndex: 5
BoneChildrenCount: 1
7
1.000000 0.000000 -0.000000 0.000000
0.000000 1.000000 -0.000000 0.000000
-0.000000 -0.000000 1.000000 -0.000000
0.000000 0.078073 -0.022585 1.000000
1.000000 0.000000 -0.000000 0.000000
0.000000 1.000000 0.000000 0.000000
-0.000000 -0.000000 1.000000 -0.000000
0.000000 -1.542023 -0.006950 1.000000
BoneName: mixamorig10:HeadTop_End
BoneIndex: 7
BoneParentIndex: 6
BoneChildrenCount: 0
1.000000 0.000000 -0.000000 0.000000
0.000000 1.000000 -0.000000 0.000000
-0.000000 -0.000000 1.000000 -0.000000
0.000000 0.216198 -0.062542 1.000000
1.000000 0.000000 -0.000000 0.000000
0.000000 1.000000 0.000000 0.000000
-0.000000 -0.000000 1.000000 -0.000000
0.000000 -1.758221 0.055592 1.000000
BoneName: mixamorig10:LeftShoulder
BoneIndex: 8
BoneParentIndex: 4
BoneChildrenCount: 1
9
-0.019142 -0.000241 0.999817 0.000000
0.982223 -0.186780 0.018760 0.000000
0.186742 0.982402 0.003812 -0.000000
0.070965 0.138061 0.001392 1.000000
-0.019142 0.982223 0.186742 0.000000
-0.107918 -0.187715 0.976277 0.000000
0.993976 -0.001465 0.109593 -0.000000
0.128593 0.202533 -1.432117 1.000000
BoneName: mixamorig10:LeftArm
BoneIndex: 9
BoneParentIndex: 8
BoneChildrenCount: 1
10
0.999166 -0.040834 -0.000000 0.000000
0.040413 0.988869 0.143196 0.000000
-0.005847 -0.143076 0.989694 -0.000000
0.000000 0.145959 -0.000000 1.000000
-0.059234 0.997256 0.044396 0.000000
-0.100163 -0.050188 0.993704 0.000000
0.993206 0.054414 0.102861 -0.000000
0.126175 -0.143933 -1.426204 1.000000
BoneName: mixamorig10:LeftForeArm
BoneIndex: 10
BoneParentIndex: 9
BoneChildrenCount: 1
11
0.994034 0.109070 0.000000 0.000000
-0.108745 0.991072 0.077147 0.000000
0.008414 -0.076687 0.997020 -0.000000
0.000000 0.261075 -0.000000 1.000000
0.049890 0.998219 -0.032711 0.000000
-0.105039 0.037814 0.993749 0.000000
0.993216 -0.046142 0.106739 -0.000000
0.081249 -0.525140 -1.389833 1.000000
BoneName: mixamorig10:LeftHand
BoneIndex: 11
BoneParentIndex: 10
BoneChildrenCount: 5
12
16
20
24
28
0.977957 0.038825 0.205166 0.000000
-0.014669 0.992908 -0.117974 0.000000
-0.208291 0.112364 0.971591 -0.000000
-0.000000 0.211226 0.000000 1.000000
0.080836 0.994267 0.069990 0.000000
0.102628 -0.078149 0.991645 0.000000
0.991430 -0.072977 -0.108356 -0.000000
-0.234279 -0.568371 -1.450013 1.000000
BoneName: mixamorig10:LeftHandThumb1
BoneIndex: 12
BoneParentIndex: 11
BoneChildrenCount: 1
13
0.856264 0.516538 0.000000 0.000000
-0.496657 0.823308 -0.274766 0.000000
-0.141927 0.235272 0.961511 -0.000000
-0.029353 0.035330 -0.012978 1.000000
0.582794 0.759209 0.289747 0.000000
0.047509 -0.387782 0.920526 0.000000
0.811230 -0.522711 -0.262066 -0.000000
-0.487305 -0.000406 -1.494675 1.000000
BoneName: mixamorig10:LeftHandThumb2
BoneIndex: 13
BoneParentIndex: 12
BoneChildrenCount: 1
14
1.000000 0.000000 -0.000000 0.000000
0.000000 0.992908 -0.118883 0.000000
-0.000000 0.118883 0.992908 -0.000000
-0.005508 0.037785 0.000000 1.000000
0.582794 0.719379 0.377949 0.000000
0.047509 -0.494467 0.867897 0.000000
0.811230 -0.487849 -0.322349 -0.000000
-0.481798 0.139772 -1.488616 1.000000
BoneName: mixamorig10:LeftHandThumb3
BoneIndex: 14
BoneParentIndex: 13
BoneChildrenCount: 1
15
1.000000 0.000000 -0.000000 0.000000
0.000000 0.986267 0.165157 0.000000
-0.000000 -0.165157 0.986267 -0.000000
-0.000607 0.033787 -0.000000 1.000000
0.582794 0.771921 0.253948 0.000000
0.047509 -0.344337 0.937643 0.000000
0.811230 -0.534388 -0.237351 -0.000000
-0.481190 -0.141326 -1.485677 1.000000
BoneName: mixamorig10:LeftHandThumb4
BoneIndex: 15
BoneParentIndex: 14
BoneChildrenCount: 0
1.000000 0.000000 -0.000000 0.000000
0.000000 1.000000 -0.000000 0.000000
-0.000000 -0.000000 1.000000 -0.000000
0.006115 0.026809 0.000000 1.000000
1.000000 0.000000 0.000000 0.000000
0.000000 1.000000 0.000000 0.000000
0.000000 0.000000 1.000000 0.000000
0.000000 0.000000 0.000000 1.000000
BoneName: mixamorig10:LeftHandIndex1
BoneIndex: 16
BoneParentIndex: 11
BoneChildrenCount: 1
17
0.991660 0.128883 0.000000 0.000000
-0.128856 0.991448 -0.020649 0.000000
-0.002661 0.020477 0.999787 -0.000000
-0.035527 0.106344 -0.001427 1.000000
0.208306 0.973903 0.090119 0.000000
0.091699 -0.111182 0.989560 0.000000
0.973755 -0.197868 -0.112466 -0.000000
-0.284053 -0.613424 -1.461565 1.000000
BoneName: mixamorig10:LeftHandIndex2
BoneIndex: 17
BoneParentIndex: 16
BoneChildrenCount: 1
18
1.000000 0.000000 -0.000000 0.000000
0.000000 0.992708 -0.120542 0.000000
-0.000000 0.120542 0.992708 -0.000000
0.000252 0.033422 0.000000 1.000000
0.208306 0.955938 0.206859 0.000000
0.091699 -0.229655 0.968943 0.000000
0.973755 -0.182868 -0.135498 -0.000000
-0.284305 -0.465948 -1.528879 1.000000
BoneName: mixamorig10:LeftHandIndex3
BoneIndex: 18
BoneParentIndex: 17
BoneChildrenCount: 1
19
1.000000 0.000000 -0.000000 0.000000
0.000000 0.996491 -0.083697 0.000000
-0.000000 0.083697 0.996491 -0.000000
-0.000044 0.030751 -0.000000 1.000000
0.208306 0.935271 0.286142 0.000000
0.091699 -0.309946 0.946322 0.000000
0.973755 -0.170885 -0.150328 -0.000000
-0.284261 -0.366995 -1.565087 1.000000
BoneName: mixamorig10:LeftHandIndex4
BoneIndex: 19
BoneParentIndex: 18
BoneChildrenCount: 0
1.000000 0.000000 -0.000000 0.000000
0.000000 1.000000 -0.000000 0.000000
-0.000000 -0.000000 1.000000 -0.000000
-0.000207 0.027046 0.000000 1.000000
1.000000 0.000000 0.000000 0.000000
0.000000 1.000000 0.000000 0.000000
0.000000 0.000000 1.000000 0.000000
0.000000 0.000000 0.000000 1.000000
BoneName: mixamorig10:LeftHandMiddle1
BoneIndex: 20
BoneParentIndex: 11
BoneChildrenCount: 1
21
0.999542 0.030249 0.000000 0.000000
-0.030249 0.999519 -0.006876 0.000000
-0.000208 0.006873 0.999976 -0.000000
-0.010455 0.108651 0.001989 1.000000
0.110875 0.990862 0.076805 0.000000
0.100217 -0.088034 0.991063 0.000000
0.988769 -0.102187 -0.109062 -0.000000
-0.244200 -0.659942 -1.456574 1.000000
BoneName: mixamorig10:LeftHandMiddle2
BoneIndex: 21
BoneParentIndex: 20
BoneChildrenCount: 1
22
1.000000 0.000000 -0.000000 0.000000
0.000000 0.981580 -0.191052 0.000000
-0.000000 0.191052 0.981580 -0.000000
0.000197 0.034609 0.000000 1.000000
0.110875 0.957937 0.264696 0.000000
0.100217 -0.275757 0.955989 0.000000
0.988769 -0.079468 -0.126576 -0.000000
-0.244397 -0.403477 -1.562439 1.000000
BoneName: mixamorig10:LeftHandMiddle3
BoneIndex: 22
BoneParentIndex: 21
BoneChildrenCount: 1
23
1.000000 0.000000 -0.000000 0.000000
0.000000 0.995187 0.097998 0.000000
-0.000000 -0.097998 0.995187 -0.000000
-0.000198 0.033982 0.000000 1.000000
0.110875 0.979265 0.169546 0.000000
0.100217 -0.180745 0.978411 0.000000
0.988769 -0.091490 -0.118179 -0.000000
-0.244199 -0.588468 -1.512049 1.000000
BoneName: mixamorig10:LeftHandMiddle4
BoneIndex: 23
BoneParentIndex: 22
BoneChildrenCount: 0
1.000000 0.000000 -0.000000 0.000000
0.000000 1.000000 -0.000000 0.000000
-0.000000 -0.000000 1.000000 -0.000000
0.000001 0.030842 -0.000000 1.000000
1.000000 0.000000 0.000000 0.000000
0.000000 1.000000 0.000000 0.000000
0.000000 0.000000 1.000000 0.000000
0.000000 0.000000 0.000000 1.000000
BoneName: mixamorig10:LeftHandRing1
BoneIndex: 24
BoneParentIndex: 11
BoneChildrenCount: 1
25
0.999650 -0.026446 0.000000 0.000000
0.026190 0.989975 -0.138796 0.000000
0.003671 0.138747 0.990321 -0.000000
0.011911 0.111966 0.002156 1.000000
0.054513 0.976702 0.207561 0.000000
0.104658 -0.212314 0.971581 0.000000
0.993013 -0.031241 -0.113794 -0.000000
-0.228111 -0.478410 -1.533412 1.000000
BoneName: mixamorig10:LeftHandRing2
BoneIndex: 25
BoneParentIndex: 24
BoneChildrenCount: 1
26
1.000000 0.000000 -0.000000 0.000000
0.000000 0.997367 -0.072520 0.000000
-0.000000 0.072520 0.997367 -0.000000
0.000030 0.028721 0.000000 1.000000
0.054513 0.959078 0.277845 0.000000
0.104658 -0.282214 0.953626 0.000000
0.993013 -0.022906 -0.115760 -0.000000
-0.228142 -0.394593 -1.566152 1.000000
BoneName: mixamorig10:LeftHandRing3
BoneIndex: 26
BoneParentIndex: 25
BoneChildrenCount: 1
27
1.000000 0.000000 -0.000000 0.000000
0.000000 0.996031 0.089011 0.000000
-0.000000 -0.089011 0.996031 -0.000000
-0.000073 0.027044 -0.000000 1.000000
0.054513 0.980002 0.191374 0.000000
0.104658 -0.196211 0.974960 0.000000
0.993013 -0.033119 -0.113261 -0.000000
-0.228068 -0.559367 -1.522405 1.000000
BoneName: mixamorig10:LeftHandRing4
BoneIndex: 27
BoneParentIndex: 26
BoneChildrenCount: 0
1.000000 0.000000 -0.000000 0.000000
0.000000 1.000000 -0.000000 0.000000
-0.000000 -0.000000 1.000000 -0.000000
0.000043 0.023368 -0.000000 1.000000
1.000000 0.000000 0.000000 0.000000
0.000000 1.000000 0.000000 0.000000
0.000000 0.000000 1.000000 0.000000
0.000000 0.000000 0.000000 1.000000
BoneName: mixamorig10:LeftHandPinky1
BoneIndex: 28
BoneParentIndex: 11
BoneChildrenCount: 1
29
0.999473 -0.032474 0.000000 0.000000
0.032245 0.992412 -0.118655 0.000000
0.003853 0.118593 0.992936 -0.000000
0.034071 0.100848 -0.000034 1.000000
0.048505 0.981024 0.187720 0.000000
0.105111 -0.191911 0.975767 0.000000
0.993277 -0.027598 -0.112425 -0.000000
-0.246476 -0.500747 -1.520135 1.000000
BoneName: mixamorig10:LeftHandPinky2
BoneIndex: 29
BoneParentIndex: 28
BoneChildrenCount: 1
30
1.000000 0.000000 -0.000000 0.000000
0.000000 0.987229 -0.159306 0.000000
-0.000000 0.159306 0.987229 -0.000000
0.000180 0.027137 0.000000 1.000000
0.048505 0.938591 0.341605 0.000000
0.105111 -0.344905 0.932734 0.000000
0.993277 -0.009336 -0.115386 -0.000000
-0.246656 -0.278976 -1.584816 1.000000
BoneName: mixamorig10:LeftHandPinky3
BoneIndex: 30
BoneParentIndex: 29
BoneChildrenCount: 1
31
1.000000 0.000000 -0.000000 0.000000
0.000000 0.999609 -0.027948 0.000000
-0.000000 0.027948 0.999609 -0.000000
-0.000063 0.022275 0.000000 1.000000
0.048505 0.928677 0.367703 0.000000
0.105111 -0.370838 0.922730 0.000000
0.993277 -0.006107 -0.115602 -0.000000
-0.246593 -0.256842 -1.592617 1.000000
BoneName: mixamorig10:LeftHandPinky4
BoneIndex: 31
BoneParentIndex: 30
BoneChildrenCount: 0
1.000000 0.000000 -0.000000 0.000000
0.000000 1.000000 -0.000000 0.000000
-0.000000 -0.000000 1.000000 -0.000000
-0.000118 0.018879 -0.000000 1.000000
1.000000 0.000000 0.000000 0.000000
0.000000 1.000000 0.000000 0.000000
0.000000 0.000000 1.000000 0.000000
0.000000 0.000000 0.000000 1.000000
BoneName: mixamorig10:RightShoulder
BoneIndex: 32
BoneParentIndex: 4
BoneChildrenCount: 1
33
-0.022109 0.000255 -0.999756 0.000000
-0.982222 -0.186465 0.021673 0.000000
-0.186414 0.982462 0.004373 -0.000000
-0.070965 0.138084 0.001605 1.000000
-0.022109 -0.982222 -0.186414 0.000000
0.107925 -0.187715 0.976276 0.000000
-0.993913 0.001465 0.110157 -0.000000
-0.128603 0.202446 -1.432132 1.000000
BoneName: mixamorig10:RightArm
BoneIndex: 33
BoneParentIndex: 32
BoneChildrenCount: 1
34
0.999340 0.036323 0.000000 0.000000
-0.035951 0.989106 0.142744 0.000000
0.005185 -0.142650 0.989760 -0.000000
-0.000000 0.145959 -0.000000 1.000000
-0.057771 -0.997337 -0.044505 0.000000
0.101036 -0.050192 0.993616 0.000000
-0.993204 0.052906 0.103667 -0.000000
-0.126467 -0.143934 -1.426191 1.000000
BoneName: mixamorig10:RightForeArm
BoneIndex: 34
BoneParentIndex: 33
BoneChildrenCount: 1
35
0.994088 -0.108580 -0.000000 0.000000
0.108256 0.991128 0.077114 0.000000
-0.008373 -0.076658 0.997022 -0.000000
0.000000 0.261053 0.000000 1.000000
0.050861 -0.998175 0.032564 0.000000
0.105888 0.037813 0.993659 0.000000
-0.993076 -0.047090 0.107618 -0.000000
-0.081746 -0.525064 -1.389840 1.000000
BoneName: mixamorig10:RightHand
BoneIndex: 35
BoneParentIndex: 34
BoneChildrenCount: 5
36
40
44
48
52
0.979984 -0.041255 -0.194755 0.000000
0.018317 0.992828 -0.118138 0.000000
0.198232 0.112206 0.973711 -0.000000
0.000000 0.211235 0.000000 1.000000
0.084680 -0.993931 -0.070211 0.000000
-0.091311 -0.077908 0.992770 0.000000
-0.992216 -0.077657 -0.097354 -0.000000
0.220945 -0.568322 -1.452125 1.000000
BoneName: mixamorig10:RightHandThumb1
BoneIndex: 36
BoneParentIndex: 35
BoneChildrenCount: 1
37
0.853905 -0.520429 -0.000000 0.000000
0.500108 0.820563 -0.276708 0.000000
0.144007 0.236283 0.960954 -0.000000
0.029572 0.035711 -0.013212 1.000000
0.589579 -0.753807 -0.290124 0.000000
-0.037425 -0.384302 0.922449 0.000000
-0.806843 -0.532999 -0.254788 -0.000000
0.477771 -0.001781 -1.497892 1.000000
BoneName: mixamorig10:RightHandThumb2
BoneIndex: 37
BoneParentIndex: 36
BoneChildrenCount: 1
38
1.000000 0.000000 -0.000000 0.000000
0.000000 0.990502 -0.137499 0.000000
-0.000000 0.137499 0.990502 -0.000000
0.005333 0.038199 -0.000000 1.000000
0.589579 -0.706755 -0.391015 0.000000
-0.037425 -0.507487 0.860846 0.000000
-0.806843 -0.492903 -0.325655 -0.000000
0.472438 0.166358 -1.489163 1.000000
BoneName: mixamorig10:RightHandThumb3
BoneIndex: 38
BoneParentIndex: 37
BoneChildrenCount: 1
39
1.000000 0.000000 -0.000000 0.000000
0.000000 0.985820 0.167806 0.000000
-0.000000 -0.167806 0.985820 -0.000000
-0.000703 0.034288 0.000000 1.000000
0.589579 -0.762348 -0.266873 0.000000
-0.037425 -0.355836 0.933799 0.000000
-0.806843 -0.540561 -0.238325 -0.000000
0.473141 -0.119694 -1.490208 1.000000
BoneName: mixamorig10:RightHandThumb4
BoneIndex: 39
BoneParentIndex: 38
BoneChildrenCount: 0
1.000000 0.000000 -0.000000 0.000000
0.000000 1.000000 -0.000000 0.000000
-0.000000 -0.000000 1.000000 -0.000000
-0.004630 0.027005 0.000000 1.000000
1.000000 0.000000 0.000000 0.000000
0.000000 1.000000 0.000000 0.000000
0.000000 0.000000 1.000000 0.000000
0.000000 0.000000 0.000000 1.000000
BoneName: mixamorig10:RightHandIndex1
BoneIndex: 40
BoneParentIndex: 35
BoneChildrenCount: 1
41
0.993145 -0.116889 -0.000000 0.000000
0.116802 0.992407 -0.038535 0.000000
0.004504 0.038271 0.999257 -0.000000
0.035317 0.106872 -0.001257 1.000000
0.200279 -0.973789 -0.107816 0.000000
-0.081579 -0.126238 0.988640 0.000000
-0.976337 -0.189208 -0.104723 -0.000000
0.263278 -0.592476 -1.474794 1.000000
BoneName: mixamorig10:RightHandIndex2
BoneIndex: 41
BoneParentIndex: 40
BoneChildrenCount: 1
42
1.000000 0.000000 -0.000000 0.000000
0.000000 0.993892 -0.110359 0.000000
-0.000000 0.110359 0.993892 -0.000000
-0.000150 0.032775 -0.000000 1.000000
0.200279 -0.955942 -0.214623 0.000000
-0.081579 -0.234572 0.968670 0.000000
-0.976337 -0.176495 -0.124964 -0.000000
0.263427 -0.458675 -1.534788 1.000000
BoneName: mixamorig10:RightHandIndex3
BoneIndex: 42
BoneParentIndex: 41
BoneChildrenCount: 1
43
1.000000 0.000000 -0.000000 0.000000
0.000000 0.998368 -0.057111 0.000000
-0.000000 0.057111 0.998368 -0.000000
0.000037 0.031355 -0.000000 1.000000
0.200279 -0.942125 -0.268868 0.000000
-0.081579 -0.289511 0.953692 0.000000
-0.976337 -0.169070 -0.134840 -0.000000
0.263390 -0.401577 -1.560269 1.000000
BoneName: mixamorig10:RightHandIndex4
BoneIndex: 43
BoneParentIndex: 42
BoneChildrenCount: 0
1.000000 0.000000 -0.000000 0.000000
0.000000 1.000000 -0.000000 0.000000
-0.000000 -0.000000 1.000000 -0.000000
0.000113 0.026910 -0.000000 1.000000
1.000000 0.000000 0.000000 0.000000
0.000000 1.000000 0.000000 0.000000
0.000000 0.000000 1.000000 0.000000
0.000000 0.000000 0.000000 1.000000
BoneName: mixamorig10:RightHandMiddle1
BoneIndex: 44
BoneParentIndex: 35
BoneChildrenCount: 1
45
0.999891 -0.014784 0.000000 0.000000
0.014773 0.999187 -0.037507 0.000000
0.000554 0.037502 0.999296 -0.000000
0.010494 0.111402 0.002561 1.000000
0.099365 -0.989239 -0.107389 0.000000
-0.090149 -0.116429 0.989099 0.000000
-0.990959 -0.088600 -0.100748 -0.000000
0.220477 -0.621502 -1.479037 1.000000
BoneName: mixamorig10:RightHandMiddle2
BoneIndex: 45
BoneParentIndex: 44
BoneChildrenCount: 1
46
1.000000 0.000000 -0.000000 0.000000
0.000000 0.985633 -0.168899 0.000000
-0.000000 0.168899 0.985633 -0.000000
-0.000081 0.034724 0.000000 1.000000
0.099365 -0.956889 -0.272928 0.000000
-0.090149 -0.281815 0.955224 0.000000
-0.990959 -0.070311 -0.114265 -0.000000
0.220558 -0.396990 -1.568625 1.000000
BoneName: mixamorig10:RightHandMiddle3
BoneIndex: 46
BoneParentIndex: 45
BoneChildrenCount: 1
47
1.000000 0.000000 -0.000000 0.000000
0.000000 0.986646 0.162880 0.000000
-0.000000 -0.162880 0.986646 -0.000000
0.000141 0.032675 -0.000000 1.000000
0.099365 -0.988565 -0.113425 0.000000
-0.090149 -0.122464 0.988370 0.000000
-0.990959 -0.087984 -0.101287 -0.000000
0.220417 -0.679425 -1.477693 1.000000
BoneName: mixamorig10:RightHandMiddle4
BoneIndex: 47
BoneParentIndex: 46
BoneChildrenCount: 0
1.000000 0.000000 -0.000000 0.000000
0.000000 1.000000 -0.000000 0.000000
-0.000000 -0.000000 1.000000 -0.000000
-0.000060 0.028780 -0.000000 1.000000
1.000000 0.000000 0.000000 0.000000
0.000000 1.000000 0.000000 0.000000
0.000000 0.000000 1.000000 0.000000
0.000000 0.000000 0.000000 1.000000
BoneName: mixamorig10:RightHandRing1
BoneIndex: 48
BoneParentIndex: 35
BoneChildrenCount: 1
49
0.997217 0.074557 -0.000000 0.000000
-0.074087 0.990933 -0.112085 0.000000
-0.008357 0.111773 0.993699 -0.000000
-0.011530 0.109709 0.001506 1.000000
0.010339 -0.983323 -0.181571 0.000000
-0.096866 -0.181712 0.978569 0.000000
-0.995244 0.007470 -0.097129 -0.000000
0.181276 -0.526175 -1.522200 1.000000
BoneName: mixamorig10:RightHandRing2
BoneIndex: 49
BoneParentIndex: 48
BoneChildrenCount: 1
50
1.000000 0.000000 -0.000000 0.000000
0.000000 0.994589 -0.103887 0.000000
-0.000000 0.103887 0.994589 -0.000000
-0.000012 0.029263 -0.000000 1.000000
0.010339 -0.959140 -0.282744 0.000000
-0.096866 -0.282389 0.954397 0.000000
-0.995244 0.017520 -0.095827 -0.000000
0.181288 -0.394296 -1.571666 1.000000
BoneName: mixamorig10:RightHandRing3
BoneIndex: 50
BoneParentIndex: 49
BoneChildrenCount: 1
51
1.000000 0.000000 -0.000000 0.000000
0.000000 0.985214 0.171325 0.000000
-0.000000 -0.171325 0.985214 -0.000000
0.000069 0.028149 -0.000000 1.000000
0.010339 -0.993400 -0.114238 0.000000
-0.096866 -0.114702 0.988666 0.000000
-0.995244 0.000844 -0.097412 -0.000000
0.181219 -0.685466 -1.476053 1.000000
BoneName: mixamorig10:RightHandRing4
BoneIndex: 51
BoneParentIndex: 50
BoneChildrenCount: 0
1.000000 0.000000 -0.000000 0.000000
0.000000 1.000000 -0.000000 0.000000
-0.000000 -0.000000 1.000000 -0.000000
-0.000057 0.024947 0.000000 1.000000
1.000000 0.000000 0.000000 0.000000
0.000000 1.000000 0.000000 0.000000
0.000000 0.000000 1.000000 0.000000
0.000000 0.000000 0.000000 1.000000
BoneName: mixamorig10:RightHandPinky1
BoneIndex: 52
BoneParentIndex: 35
BoneChildrenCount: 1
53
0.999098 0.042469 -0.000000 0.000000
-0.042344 0.996161 -0.076621 0.000000
-0.003254 0.076552 0.997060 -0.000000
-0.034281 0.099774 -0.000414 1.000000
0.042393 -0.988322 -0.146367 0.000000
-0.094537 -0.149810 0.984185 0.000000
-0.994618 -0.027885 -0.099784 -0.000000
0.226622 -0.565107 -1.499418 1.000000
BoneName: mixamorig10:RightHandPinky2
BoneIndex: 53
BoneParentIndex: 52
BoneChildrenCount: 1
54
1.000000 0.000000 -0.000000 0.000000
0.000000 0.980761 -0.195210 0.000000
-0.000000 0.195210 0.980761 -0.000000
-0.000162 0.027178 -0.000000 1.000000
0.042393 -0.940735 -0.336482 0.000000
-0.094537 -0.339050 0.936006 0.000000
-0.994618 -0.007870 -0.103308 -0.000000
0.226784 -0.288189 -1.586191 1.000000
BoneName: mixamorig10:RightHandPinky3
BoneIndex: 54
BoneParentIndex: 53
BoneChildrenCount: 1
55
1.000000 0.000000 -0.000000 0.000000
0.000000 0.999431 -0.033741 0.000000
-0.000000 0.033741 0.999431 -0.000000
0.000058 0.022940 -0.000000 1.000000
0.042393 -0.928846 -0.368031 0.000000
-0.094537 -0.370439 0.924033 0.000000
-0.994618 -0.004379 -0.103515 -0.000000
0.226726 -0.257432 -1.595786 1.000000
BoneName: mixamorig10:RightHandPinky4
BoneIndex: 55
BoneParentIndex: 54
BoneChildrenCount: 0
1.000000 0.000000 -0.000000 0.000000
0.000000 1.000000 -0.000000 0.000000
-0.000000 -0.000000 1.000000 -0.000000
0.000104 0.019579 -0.000000 1.000000
1.000000 0.000000 0.000000 0.000000
0.000000 1.000000 0.000000 0.000000
0.000000 0.000000 1.000000 0.000000
0.000000 0.000000 0.000000 1.000000
BoneName: mixamorig10:LeftUpLeg
BoneIndex: 56
BoneParentIndex: 1
BoneChildrenCount: 1
57
-0.995179 -0.097718 0.008318 0.000000
0.098072 -0.991593 0.084412 0.000000
-0.000000 0.084820 0.996396 -0.000000
0.087120 -0.055861 0.000975 1.000000
-0.995179 0.098072 0.000000 0.000000
-0.097718 -0.991593 0.084820 0.000000
0.008318 0.084412 0.996396 -0.000000
0.175305 0.890570 -0.052801 1.000000
BoneName: mixamorig10:LeftLeg
BoneIndex: 57
BoneParentIndex: 56
BoneChildrenCount: 1
58
0.999128 -0.041756 -0.000000 0.000000
0.041755 0.999105 -0.006795 0.000000
0.000284 0.006789 0.999977 -0.000000
0.000000 0.406385 -0.000000 1.000000
-0.998406 0.056430 0.000383 0.000000
-0.056228 -0.995362 0.078059 0.000000
0.004787 0.077913 0.996949 -0.000000
0.154934 0.491430 -0.049463 1.000000
BoneName: mixamorig10:LeftFoot
BoneIndex: 58
BoneParentIndex: 57
BoneChildrenCount: 1
59
0.997912 0.000000 -0.064585 0.000000
-0.054764 0.530109 -0.846159 0.000000
0.034237 0.847930 0.529002 -0.000000
-0.000000 0.377931 0.000000 1.000000
-0.996347 0.084266 0.013869 0.000000
-0.061152 -0.590621 -0.804628 0.000000
-0.059612 -0.802537 0.593617 -0.000000
0.157805 0.093536 0.075378 1.000000
BoneName: mixamorig10:LeftToeBase
BoneIndex: 59
BoneParentIndex: 58
BoneChildrenCount: 1
60
0.999975 0.000000 0.007021 0.000000
0.004421 0.776863 -0.629655 0.000000
-0.005454 0.629670 0.776843 -0.000000
0.000000 0.174648 0.000000 1.000000
-0.996225 0.052326 0.069269 0.000000
-0.066800 0.047536 -0.996633 0.000000
-0.055442 -0.997498 -0.043861 -0.000000
0.158331 -0.109777 0.006623 1.000000
BoneName: mixamorig10:LeftToe_End
BoneIndex: 60
BoneParentIndex: 59
BoneChildrenCount: 0
1.000000 0.000000 -0.000000 0.000000
0.000000 1.000000 -0.000000 0.000000
-0.000000 -0.000000 1.000000 -0.000000
-0.000000 0.068387 -0.000000 1.000000
-0.996225 0.052326 0.069269 0.000000
-0.066800 0.047536 -0.996633 0.000000
-0.055442 -0.997498 -0.043861 -0.000000
0.158331 -0.178164 0.006623 1.000000
BoneName: mixamorig10:RightUpLeg
BoneIndex: 61
BoneParentIndex: 1
BoneChildrenCount: 1
62
-0.995175 0.097806 -0.007790 0.000000
-0.098115 -0.992033 0.079013 0.000000
0.000000 0.079396 0.996843 -0.000000
-0.087120 -0.055861 0.002744 1.000000
-0.995175 -0.098115 0.000000 0.000000
0.097805 -0.992033 0.079396 0.000000
-0.007790 0.079013 0.996843 -0.000000
-0.175357 0.890696 -0.049647 1.000000
BoneName: mixamorig10:RightLeg
BoneIndex: 62
BoneParentIndex: 61
BoneChildrenCount: 1
63
0.999126 0.041803 -0.000000 0.000000
-0.041803 0.999126 -0.000825 0.000000
-0.000035 0.000825 1.000000 -0.000000
0.000000 0.406205 -0.000000 1.000000
-0.998407 -0.056428 -0.000047 0.000000
0.056250 -0.995320 0.078575 0.000000
-0.004480 0.078447 0.996908 -0.000000
-0.154950 0.491438 -0.049241 1.000000
BoneName: mixamorig10:RightFoot
BoneIndex: 63
BoneParentIndex: 62
BoneChildrenCount: 1
64
0.998050 0.000000 0.062416 0.000000
0.053456 0.516239 -0.854775 0.000000
-0.032222 0.856445 0.515232 -0.000000
0.000000 0.377946 0.000000 1.000000
-0.996463 -0.082461 -0.016181 0.000000
0.061045 -0.577979 -0.813765 0.000000
0.057752 -0.811874 0.580969 -0.000000
-0.157722 0.092397 0.076822 1.000000
BoneName: mixamorig10:RightToeBase
BoneIndex: 64
BoneParentIndex: 63
BoneChildrenCount: 1
65
0.999960 0.000000 -0.008939 0.000000
-0.005502 0.788139 -0.615472 0.000000
0.007045 0.615497 0.788108 -0.000000
-0.000000 0.178474 0.000000 1.000000
-0.996278 -0.049550 -0.070527 0.000000
0.068316 0.044986 -0.996649 0.000000
0.052556 -0.997758 -0.041433 -0.000000
-0.158402 -0.114256 0.006453 1.000000
BoneName: mixamorig10:RightToe_End
BoneIndex: 65
BoneParentIndex: 64
BoneChildrenCount: 0
1.000000 0.000000 -0.000000 0.000000
0.000000 1.000000 -0.000000 0.000000
-0.000000 -0.000000 1.000000 -0.000000
0.000000 0.072221 -0.000000 1.000000
-0.996278 -0.049550 -0.070527 0.000000
0.068316 0.044986 -0.996649 0.000000
0.052556 -0.997758 -0.041433 -0.000000
-0.158402 -0.186477 0.006453 1.000000
BoneName: Ch28_Body
BoneIndex: 66
BoneParentIndex: 0
BoneChildrenCount: 0
1.000000 0.000000 -0.000000 0.000000
0.000000 1.000000 -0.000000 0.000000
-0.000000 -0.000000 1.000000 -0.000000
0.000000 0.000000 -0.000000 1.000000
1.000000 0.000000 0.000000 0.000000
0.000000 1.000000 0.000000 0.000000
0.000000 0.000000 1.000000 0.000000
0.000000 0.000000 0.000000 1.000000
BoneName: Ch28_Sneakers
BoneIndex: 67
BoneParentIndex: 0
BoneChildrenCount: 0
1.000000 0.000000 -0.000000 0.000000
0.000000 1.000000 -0.000000 0.000000
-0.000000 -0.000000 1.000000 -0.000000
0.000000 0.000000 -0.000000 1.000000
1.000000 0.000000 0.000000 0.000000
0.000000 1.000000 0.000000 0.000000
0.000000 0.000000 1.000000 0.000000
0.000000 0.000000 0.000000 1.000000
BoneName: Ch28_Pants
BoneIndex: 68
BoneParentIndex: 0
BoneChildrenCount: 0
1.000000 0.000000 -0.000000 0.000000
0.000000 1.000000 -0.000000 0.000000
-0.000000 -0.000000 1.000000 -0.000000
0.000000 0.000000 -0.000000 1.000000
1.000000 0.000000 0.000000 0.000000
0.000000 1.000000 0.000000 0.000000
0.000000 0.000000 1.000000 0.000000
0.000000 0.000000 0.000000 1.000000
BoneName: Ch28_Hoody
BoneIndex: 69
BoneParentIndex: 0
BoneChildrenCount: 0
1.000000 0.000000 -0.000000 0.000000
0.000000 1.000000 -0.000000 0.000000
-0.000000 -0.000000 1.000000 -0.000000
0.000000 0.000000 -0.000000 1.000000
1.000000 0.000000 0.000000 0.000000
0.000000 1.000000 0.000000 0.000000
0.000000 0.000000 1.000000 0.000000
0.000000 0.000000 0.000000 1.000000
BoneName: Ch28_Eyelashes
BoneIndex: 70
BoneParentIndex: 0
BoneChildrenCount: 0
1.000000 0.000000 -0.000000 0.000000
0.000000 1.000000 -0.000000 0.000000
-0.000000 -0.000000 1.000000 -0.000000
0.000000 0.000000 -0.000000 1.000000
1.000000 0.000000 0.000000 0.000000
0.000000 1.000000 0.000000 0.000000
0.000000 0.000000 1.000000 0.000000
0.000000 0.000000 0.000000 1.000000
BoneName: Ch28_Hair
BoneIndex: 71
BoneParentIndex: 0
BoneChildrenCount: 0
1.000000 0.000000 -0.000000 0.000000
0.000000 1.000000 -0.000000 0.000000
-0.000000 -0.000000 1.000000 -0.000000
0.000000 0.000000 -0.000000 1.000000
1.000000 0.000000 0.000000 0.000000
0.000000 1.000000 0.000000 0.000000
0.000000 0.000000 1.000000 0.000000
0.000000 0.000000 0.000000 1.000000
