BoneCount: 73
RootBone: 0
BoneName: RootNode
BoneIndex: 0
BoneParentIndex: -1
BoneChildrenCount: 8
1
66
67
68
69
70
71
72
1.000000 0.000000 -0.000000 0.000000
0.000000 1.000000 -0.000000 0.000000
-0.000000 -0.000000 1.000000 -0.000000
0.000000 0.000000 -0.000000 1.000000
1.000000 0.000000 0.000000 0.000000
0.000000 1.000000 0.000000 0.000000
0.000000 0.000000 1.000000 0.000000
0.000000 0.000000 0.000000 1.000000
BoneName: mixamorig8:Hips
BoneIndex: 1
BoneParentIndex: 0
BoneChildrenCount: 3
2
56
61
1.000000 0.000000 -0.000000 0.000000
0.000000 1.000000 -0.000000 0.000000
-0.000000 -0.000000 1.000000 -0.000000
0.000002 0.995459 -0.008366 1.000000
1.000000 0.000000 -0.000000 0.000000
0.000000 1.000000 -0.000000 0.000000
-0.000000 -0.000000 1.000000 -0.000000
-0.000002 -0.995459 0.008366 1.000000
BoneName: mixamorig8:Spine
BoneIndex: 2
BoneParentIndex: 1
BoneChildrenCount: 1
3
1.000000 0.000000 -0.000000 0.000000
0.000000 0.999449 0.033192 0.000000
-0.000000 -0.033192 0.999449 -0.000000
0.000000 0.091247 0.003030 1.000000
1.000000 0.000000 -0.000000 0.000000
0.000000 0.999449 -0.033192 0.000000
-0.000000 0.033192 0.999449 -0.000000
-0.000002 -1.085930 0.041402 1.000000
BoneName: mixamorig8:Spine1
BoneIndex: 3
BoneParentIndex: 2
BoneChildrenCount: 1
4
1.000000 0.000000 -0.000000 0.000000
0.000000 1.000000 -0.000000 0.000000
-0.000000 -0.000000 1.000000 -0.000000
0.000000 0.106514 0.000000 1.000000
1.000000 0.000000 -0.000000 0.000000
0.000000 0.999449 -0.033192 0.000000
-0.000000 0.033192 0.999449 -0.000000
-0.000002 -1.192444 0.041402 1.000000
BoneName: mixamorig8:Spine2
BoneIndex: 4
BoneParentIndex: 3
BoneChildrenCount: 3
5
8
32
1.000000 0.000000 -0.000000 0.000000
0.000000 1.000000 -0.000000 0.000000
-0.000000 -0.000000 1.000000 -0.000000
0.000000 0.121730 0.000000 1.000000
1.000000 0.000000 -0.000000 0.000000
0.000000 0.999449 -0.033192 0.000000
-0.000000 0.033192 0.999449 -0.000000
-0.000002 -1.314174 0.041402 1.000000
BoneName: mixamorig8:Neck
BoneIndex: 5
BoneParentIndex: 4
BoneChildrenCount: 1
6
1.000000 0.000000 -0.000000 0.000000
0.000000 0.999449 -0.033192 0.000000
-0.000000 0.033192 0.999449 -0.000000
0.000000 0.136946 0.000000 1.000000
1.000000 0.000000 -0.000000 0.000000
0.000000 1.000000 -0.000000 0.000000
-0.000000 0.000000 1.000000 -0.000000
-0.000002 -1.451696 -0.006786 1.000000
BoneName: mixamorig8:Head
BoneIndex: 6
BoneParentIndex: 5
BoneChildrenCount: 1
7
1.000000 0.000000 -0.000000 0.000000
0.000000 1.000000 -0.000000 0.000000
-0.000000 -0.000000 1.000000 -0.000000
0.000000 0.090163 -0.012731 1.000000
1.000000 0.000000 -0.000000 0.000000
0.000000 1.000000 -0.000000 0.000000
-0.000000 0.000000 1.000000 -0.000000
-0.000002 -1.541859 0.005946 1.000000
BoneName: mixamorig8:HeadTop_End
BoneIndex: 7
BoneParentIndex: 6
BoneChildrenCount: 0
1.000000 0.000000 -0.000000 0.000000
0.000000 1.000000 -0.000000 0.000000
-0.000000 -0.000000 1.000000 -0.000000
0.000000 0.207803 -0.029343 1.000000
1.000000 0.000000 -0.000000 0.000000
0.000000 1.000000 -0.000000 0.000000
-0.000000 0.000000 1.000000 -0.000000
-0.000002 -1.749662 0.035288 1.000000
BoneName: mixamorig8:LeftShoulder
BoneIndex: 8
BoneParentIndex: 4
BoneChildrenCount: 1
9
-0.008308 -0.000071 0.999965 0.000000
0.962232 -0.272112 0.007975 0.000000
0.272103 0.962265 0.002329 -0.000000
0.060652 0.119482 0.000512 1.000000
-0.008308 0.962232 0.272103 0.000000
-0.033261 -0.272227 0.961658 0.000000
0.999412 -0.001061 0.034267 -0.000000
0.041494 0.332079 -1.395967 1.000000
BoneName: mixamorig8:LeftArm
BoneIndex: 9
BoneParentIndex: 8
BoneChildrenCount: 1
10
0.997250 -0.074104 -0.000000 0.000000
0.072686 0.978160 0.194732 0.000000
-0.014431 -0.194197 0.980856 -0.000000
0.000000 0.127396 -0.000000 1.000000
-0.079591 0.993600 0.080151 0.000000
-0.012997 -0.081434 0.996594 0.000000
0.996743 0.078278 0.019395 -0.000000
0.026212 -0.068611 -1.409591 1.000000
BoneName: mixamorig8:LeftForeArm
BoneIndex: 10
BoneParentIndex: 9
BoneChildrenCount: 1
11
0.992983 0.118256 -0.000000 0.000000
-0.117224 0.984314 0.131848 0.000000
0.015592 -0.130923 0.991270 -0.000000
0.000000 0.224020 -0.000000 1.000000
0.038467 0.997912 -0.051874 0.000000
-0.022535 0.052766 0.998353 0.000000
0.999006 -0.037235 0.024518 -0.000000
-0.008578 -0.476965 -1.358564 1.000000
BoneName: mixamorig8:LeftHand
BoneIndex: 11
BoneParentIndex: 10
BoneChildrenCount: 5
12
16
20
24
28
0.999772 0.014466 -0.015696 0.000000
-0.015985 0.994714 -0.101436 0.000000
0.014145 0.101664 0.994718 -0.000000
-0.000000 0.249136 -0.000000 1.000000
0.053708 0.997284 0.050396 0.000000
-0.037437 -0.048422 0.998125 0.000000
0.997855 -0.055494 0.034735 -0.000000
0.002244 -0.584318 -1.425328 1.000000
BoneName: mixamorig8:LeftHandThumb1
BoneIndex: 12
BoneParentIndex: 11
BoneChildrenCount: 1
13
0.840950 0.541113 -0.000000 0.000000
-0.517658 0.804498 -0.291228 0.000000
-0.157588 0.244908 0.956654 -0.000000
-0.028069 0.028744 -0.011982 1.000000
0.584810 0.759834 0.283991 0.000000
-0.057684 -0.310258 0.948901 0.000000
0.809117 -0.571308 -0.137611 -0.000000
-0.306244 -0.097293 -1.507004 1.000000
BoneName: mixamorig8:LeftHandThumb2
BoneIndex: 13
BoneParentIndex: 12
BoneChildrenCount: 1
14
1.000000 0.000000 -0.000000 0.000000
0.000000 0.995370 -0.096117 0.000000
-0.000000 0.096117 0.995370 -0.000000
-0.006440 0.032916 -0.000000 1.000000
0.584810 0.729019 0.355709 0.000000
-0.057684 -0.400027 0.914686 0.000000
0.809117 -0.555436 -0.191887 -0.000000
-0.299804 0.015243 -1.512541 1.000000
BoneName: mixamorig8:LeftHandThumb3
BoneIndex: 14
BoneParentIndex: 13
BoneChildrenCount: 1
15
1.000000 0.000000 -0.000000 0.000000
0.000000 0.985002 0.172543 0.000000
-0.000000 -0.172543 0.985002 -0.000000
0.001265 0.031019 0.000000 1.000000
0.584810 0.779461 0.224586 0.000000
-0.057684 -0.236204 0.969990 0.000000
0.809117 -0.580214 -0.093172 -0.000000
-0.301069 -0.276518 -1.487134 1.000000
BoneName: mixamorig8:LeftHandThumb4
BoneIndex: 15
BoneParentIndex: 14
BoneChildrenCount: 0
1.000000 0.000000 -0.000000 0.000000
0.000000 1.000000 -0.000000 0.000000
-0.000000 -0.000000 1.000000 -0.000000
0.005175 0.024219 -0.000000 1.000000
1.000000 0.000000 0.000000 0.000000
0.000000 1.000000 0.000000 0.000000
0.000000 0.000000 1.000000 0.000000
0.000000 0.000000 0.000000 1.000000
BoneName: mixamorig8:LeftHandIndex1
BoneIndex: 16
BoneParentIndex: 11
BoneChildrenCount: 1
17
0.999905 0.013791 -0.000000 0.000000
-0.013789 0.999770 -0.016455 0.000000
-0.000227 0.016454 0.999865 -0.000000
-0.033214 0.089790 -0.001316 1.000000
0.067456 0.995484 0.066786 0.000000
-0.038101 -0.064319 0.997202 0.000000
0.996994 -0.069812 0.033590 -0.000000
0.026159 -0.651009 -1.434919 1.000000
BoneName: mixamorig8:LeftHandIndex2
BoneIndex: 17
BoneParentIndex: 16
BoneChildrenCount: 1
18
1.000000 0.000000 -0.000000 0.000000
0.000000 0.987236 -0.159265 0.000000
-0.000000 0.159265 0.987236 -0.000000
0.000043 0.029921 0.000000 1.000000
0.067456 0.972141 0.224479 0.000000
-0.038101 -0.222318 0.974230 0.000000
0.996994 -0.074271 0.022043 -0.000000
0.026116 -0.443706 -1.525052 1.000000
BoneName: mixamorig8:LeftHandIndex3
BoneIndex: 18
BoneParentIndex: 17
BoneChildrenCount: 1
19
1.000000 0.000000 -0.000000 0.000000
0.000000 0.997723 -0.067447 0.000000
-0.000000 0.067447 0.997723 -0.000000
-0.000012 0.028390 -0.000000 1.000000
0.067456 0.954787 0.289536 0.000000
-0.038101 -0.287520 0.957017 0.000000
0.996994 -0.075588 0.016984 -0.000000
0.026128 -0.368162 -1.553420 1.000000
BoneName: mixamorig8:LeftHandIndex4
BoneIndex: 19
BoneParentIndex: 18
BoneChildrenCount: 0
1.000000 0.000000 -0.000000 0.000000
0.000000 1.000000 -0.000000 0.000000
-0.000000 -0.000000 1.000000 -0.000000
-0.000031 0.024980 0.000000 1.000000
1.000000 0.000000 0.000000 0.000000
0.000000 1.000000 0.000000 0.000000
0.000000 0.000000 1.000000 0.000000
0.000000 0.000000 0.000000 1.000000
BoneName: mixamorig8:LeftHandMiddle1
BoneIndex: 20
BoneParentIndex: 11
BoneChildrenCount: 1
21
1.000000 -0.000323 -0.000000 0.000000
0.000323 0.999977 0.006785 0.000000
-0.000002 -0.006785 0.999977 -0.000000
-0.008624 0.090960 0.001355 1.000000
0.053386 0.997620 0.043628 0.000000
-0.037421 -0.041661 0.998431 0.000000
0.997873 -0.054935 0.035108 -0.000000
0.011087 -0.684938 -1.422069 1.000000
BoneName: mixamorig8:LeftHandMiddle2
BoneIndex: 21
BoneParentIndex: 20
BoneChildrenCount: 1
22
1.000000 0.000000 -0.000000 0.000000
0.000000 0.971294 -0.237883 0.000000
-0.000000 0.237883 0.971294 -0.000000
0.000041 0.032432 -0.000000 1.000000
0.053386 0.958604 0.279693 0.000000
-0.037421 -0.277975 0.959859 0.000000
0.997873 -0.061709 0.021032 -0.000000
0.011045 -0.358491 -1.551897 1.000000
BoneName: mixamorig8:LeftHandMiddle3
BoneIndex: 22
BoneParentIndex: 21
BoneChildrenCount: 1
23
1.000000 0.000000 -0.000000 0.000000
0.000000 0.998261 0.058954 0.000000
-0.000000 -0.058954 0.998261 -0.000000
-0.000030 0.030410 -0.000000 1.000000
0.053386 0.973426 0.222692 0.000000
-0.037421 -0.220903 0.974577 0.000000
0.997873 -0.060362 0.024634 -0.000000
0.011075 -0.479716 -1.526270 1.000000
BoneName: mixamorig8:LeftHandMiddle4
BoneIndex: 23
BoneParentIndex: 22
BoneChildrenCount: 0
1.000000 0.000000 -0.000000 0.000000
0.000000 1.000000 -0.000000 0.000000
-0.000000 -0.000000 1.000000 -0.000000
-0.000011 0.026732 0.000000 1.000000
1.000000 0.000000 0.000000 0.000000
0.000000 1.000000 0.000000 0.000000
0.000000 0.000000 1.000000 0.000000
0.000000 0.000000 0.000000 1.000000
BoneName: mixamorig8:LeftHandRing1
BoneIndex: 24
BoneParentIndex: 11
BoneChildrenCount: 1
25
0.996425 -0.084485 -0.000000 0.000000
0.084480 0.996363 -0.011162 0.000000
0.000943 0.011122 0.999938 -0.000000
0.011622 0.089244 0.001404 1.000000
-0.030740 0.997631 0.061535 0.000000
-0.033212 -0.062549 0.997489 0.000000
0.998975 0.028619 0.035056 -0.000000
0.047562 -0.655979 -1.434144 1.000000
BoneName: mixamorig8:LeftHandRing2
BoneIndex: 25
BoneParentIndex: 24
BoneChildrenCount: 1
26
1.000000 0.000000 -0.000000 0.000000
0.000000 0.970741 -0.240130 0.000000
-0.000000 0.240130 0.970741 -0.000000
-0.000019 0.027664 0.000000 1.000000
-0.030740 0.953665 0.299296 0.000000
-0.033212 -0.300247 0.953283 0.000000
0.998975 0.019364 0.040903 -0.000000
0.047581 -0.319259 -1.556345 1.000000
BoneName: mixamorig8:LeftHandRing3
BoneIndex: 26
BoneParentIndex: 25
BoneChildrenCount: 1
27
1.000000 0.000000 -0.000000 0.000000
0.000000 0.999951 -0.009936 0.000000
-0.000000 0.009936 0.999951 -0.000000
0.000010 0.027499 0.000000 1.000000
-0.030740 0.950644 0.308757 0.000000
-0.033212 -0.309704 0.950253 0.000000
0.998975 0.018956 0.041093 -0.000000
0.047571 -0.331276 -1.559714 1.000000
BoneName: mixamorig8:LeftHandRing4
BoneIndex: 27
BoneParentIndex: 26
BoneChildrenCount: 0
1.000000 0.000000 -0.000000 0.000000
0.000000 1.000000 -0.000000 0.000000
-0.000000 -0.000000 1.000000 -0.000000
0.000009 0.024247 0.000000 1.000000
1.000000 0.000000 0.000000 0.000000
0.000000 1.000000 0.000000 0.000000
0.000000 0.000000 1.000000 0.000000
0.000000 0.000000 0.000000 1.000000
BoneName: mixamorig8:LeftHandPinky1
BoneIndex: 28
BoneParentIndex: 11
BoneChildrenCount: 1
29
0.994779 -0.102056 -0.000000 0.000000
0.102053 0.994747 0.008008 0.000000
-0.000817 -0.007966 0.999968 -0.000000
0.030216 0.084092 -0.001807 1.000000
-0.048352 0.997930 0.042406 0.000000
-0.032300 -0.043995 0.998509 0.000000
0.998308 0.046910 0.034360 -0.000000
0.040390 -0.679152 -1.418129 1.000000
BoneName: mixamorig8:LeftHandPinky2
BoneIndex: 29
BoneParentIndex: 28
BoneChildrenCount: 1
30
1.000000 0.000000 -0.000000 0.000000
0.000000 0.984564 -0.175023 0.000000
-0.000000 0.175023 0.984564 -0.000000
-0.000024 0.024889 0.000000 1.000000
-0.048352 0.975104 0.216412 0.000000
-0.032300 -0.218079 0.975397 0.000000
0.998308 0.040172 0.042040 -0.000000
0.040415 -0.444968 -1.519463 1.000000
BoneName: mixamorig8:LeftHandPinky3
BoneIndex: 30
BoneParentIndex: 29
BoneChildrenCount: 1
31
1.000000 0.000000 -0.000000 0.000000
0.000000 0.972342 -0.233562 0.000000
-0.000000 0.233562 0.972342 -0.000000
-0.000002 0.021438 0.000000 1.000000
-0.048352 0.897589 0.438174 0.000000
-0.032300 -0.439863 0.897484 0.000000
0.998308 0.029242 0.050260 -0.000000
0.040416 -0.098618 -1.586372 1.000000
BoneName: mixamorig8:LeftHandPinky4
BoneIndex: 31
BoneParentIndex: 30
BoneChildrenCount: 0
1.000000 0.000000 -0.000000 0.000000
0.000000 1.000000 -0.000000 0.000000
-0.000000 -0.000000 1.000000 -0.000000
0.000026 0.018788 0.000000 1.000000
1.000000 0.000000 0.000000 0.000000
0.000000 1.000000 0.000000 0.000000
0.000000 0.000000 1.000000 0.000000
0.000000 0.000000 0.000000 1.000000
BoneName: mixamorig8:RightShoulder
BoneIndex: 32
BoneParentIndex: 4
BoneChildrenCount: 1
33
-0.010515 0.000081 -0.999945 0.000000
-0.962232 -0.272042 0.010096 0.000000
-0.272026 0.962285 0.002939 -0.000000
-0.060652 0.119487 0.000647 1.000000
-0.010515 -0.962232 -0.272026 0.000000
0.033271 -0.272227 0.961658 0.000000
-0.999391 0.001061 0.034877 -0.000000
-0.041506 0.332068 -1.395970 1.000000
BoneName: mixamorig8:RightArm
BoneIndex: 33
BoneParentIndex: 32
BoneChildrenCount: 1
34
0.997783 0.066558 -0.000000 0.000000
-0.065285 0.978708 0.194598 0.000000
0.012952 -0.194167 0.980883 -0.000000
-0.000000 0.127396 -0.000000 1.000000
-0.074535 -0.993994 -0.080128 0.000000
0.015078 -0.081466 0.996562 0.000000
-0.997104 0.073071 0.021060 -0.000000
-0.027792 -0.068629 -1.409561 1.000000
BoneName: mixamorig8:RightForeArm
BoneIndex: 34
BoneParentIndex: 33
BoneChildrenCount: 1
35
0.993675 -0.112293 -0.000000 0.000000
0.111314 0.985008 0.131787 0.000000
-0.014799 -0.130954 0.991278 -0.000000
-0.000000 0.223932 -0.000000 1.000000
0.037555 -0.997949 0.051841 0.000000
0.024131 0.052768 0.998315 0.000000
-0.999003 -0.036241 0.026063 -0.000000
0.005237 -0.477031 -1.358544 1.000000
BoneName: mixamorig8:RightHand
BoneIndex: 35
BoneParentIndex: 34
BoneChildrenCount: 5
36
40
44
48
52
0.999869 -0.009489 0.013111 0.000000
0.010742 0.995023 -0.099065 0.000000
-0.012105 0.099193 0.994995 -0.000000
0.000000 0.249127 0.000000 1.000000
0.047699 -0.997714 -0.047863 0.000000
0.036716 -0.046134 0.998260 0.000000
-0.998187 -0.049374 0.034431 -0.000000
-0.005685 -0.587903 -1.423837 1.000000
BoneName: mixamorig8:RightHandThumb1
BoneIndex: 36
BoneParentIndex: 35
BoneChildrenCount: 1
37
0.844473 -0.535599 -0.000000 0.000000
0.511807 0.806960 -0.294736 0.000000
0.157860 0.248896 0.955579 -0.000000
0.027854 0.028310 -0.011975 1.000000
0.574655 -0.766596 -0.286534 0.000000
0.055715 -0.312660 0.948230 0.000000
-0.816497 -0.560869 -0.136961 -0.000000
0.301720 -0.098298 -1.507813 1.000000
BoneName: mixamorig8:RightHandThumb2
BoneIndex: 37
BoneParentIndex: 36
BoneChildrenCount: 1
38
1.000000 0.000000 -0.000000 0.000000
0.000000 0.995611 -0.093587 0.000000
-0.000000 0.093587 0.995611 -0.000000
0.006688 0.032504 0.000000 1.000000
0.574655 -0.736415 -0.357021 0.000000
0.055715 -0.400030 0.914807 0.000000
-0.816497 -0.545590 -0.188850 -0.000000
0.295032 0.010884 -1.513436 1.000000
BoneName: mixamorig8:RightHandThumb3
BoneIndex: 38
BoneParentIndex: 37
BoneChildrenCount: 1
39
1.000000 0.000000 -0.000000 0.000000
0.000000 0.991304 0.131593 0.000000
-0.000000 -0.131593 0.991304 -0.000000
-0.001017 0.030911 -0.000000 1.000000
0.574655 -0.776993 -0.257009 0.000000
0.055715 -0.276169 0.959493 0.000000
-0.816497 -0.565697 -0.115412 -0.000000
0.296049 -0.219010 -1.497640 1.000000
BoneName: mixamorig8:RightHandThumb4
BoneIndex: 39
BoneParentIndex: 38
BoneChildrenCount: 0
1.000000 0.000000 -0.000000 0.000000
0.000000 1.000000 -0.000000 0.000000
-0.000000 -0.000000 1.000000 -0.000000
-0.005671 0.024253 -0.000000 1.000000
1.000000 0.000000 0.000000 0.000000
0.000000 1.000000 0.000000 0.000000
0.000000 0.000000 1.000000 0.000000
0.000000 0.000000 0.000000 1.000000
BoneName: mixamorig8:RightHandIndex1
BoneIndex: 40
BoneParentIndex: 35
BoneChildrenCount: 1
41
0.999773 -0.021298 -0.000000 0.000000
0.021294 0.999560 -0.020641 0.000000
0.000440 0.020636 0.999787 -0.000000
0.033289 0.090394 -0.001360 1.000000
0.068938 -0.995272 -0.068421 0.000000
0.037690 -0.065937 0.997112 0.000000
-0.996909 -0.071318 0.032966 -0.000000
-0.024518 -0.649468 -1.436188 1.000000
BoneName: mixamorig8:RightHandIndex2
BoneIndex: 41
BoneParentIndex: 40
BoneChildrenCount: 1
42
1.000000 0.000000 -0.000000 0.000000
0.000000 0.985905 -0.167308 0.000000
-0.000000 0.167308 0.985905 -0.000000
-0.000076 0.030270 -0.000000 1.000000
0.068938 -0.969796 -0.233974 0.000000
0.037690 -0.231832 0.972025 0.000000
-0.996909 -0.075828 0.020569 -0.000000
-0.024442 -0.429870 -1.529670 1.000000
BoneName: mixamorig8:RightHandIndex3
BoneIndex: 42
BoneParentIndex: 41
BoneChildrenCount: 1
43
1.000000 0.000000 -0.000000 0.000000
0.000000 0.994619 -0.103599 0.000000
-0.000000 0.103599 0.994619 -0.000000
0.000016 0.027694 -0.000000 1.000000
0.068938 -0.940338 -0.333185 0.000000
0.037690 -0.331286 0.942777 0.000000
-0.996909 -0.077551 0.012603 -0.000000
-0.024458 -0.296629 -1.568842 1.000000
BoneName: mixamorig8:RightHandIndex4
BoneIndex: 43
BoneParentIndex: 42
BoneChildrenCount: 0
1.000000 0.000000 -0.000000 0.000000
0.000000 1.000000 -0.000000 0.000000
-0.000000 -0.000000 1.000000 -0.000000
0.000060 0.024044 0.000000 1.000000
1.000000 0.000000 0.000000 0.000000
0.000000 1.000000 0.000000 0.000000
0.000000 0.000000 1.000000 0.000000
0.000000 0.000000 0.000000 1.000000
BoneName: mixamorig8:RightHandMiddle1
BoneIndex: 44
BoneParentIndex: 35
BoneChildrenCount: 1
45
0.999260 0.038476 -0.000000 0.000000
-0.038462 0.998888 -0.027266 0.000000
-0.001049 0.027245 0.999628 -0.000000
0.009612 0.090266 0.002006 1.000000
0.009276 -0.997135 -0.075078 0.000000
0.034913 -0.074713 0.996594 0.000000
-0.999347 -0.011866 0.034120 -0.000000
-0.041378 -0.637950 -1.443774 1.000000
BoneName: mixamorig8:RightHandMiddle2
BoneIndex: 45
BoneParentIndex: 44
BoneChildrenCount: 1
46
1.000000 0.000000 -0.000000 0.000000
0.000000 0.982101 -0.188357 0.000000
-0.000000 0.188357 0.982101 -0.000000
-0.000037 0.032582 0.000000 1.000000
0.009276 -0.965145 -0.261552 0.000000
0.034913 -0.261091 0.964683 0.000000
-0.999347 -0.018080 0.031275 -0.000000
-0.041341 -0.386584 -1.544231 1.000000
BoneName: mixamorig8:RightHandMiddle3
BoneIndex: 46
BoneParentIndex: 45
BoneChildrenCount: 1
47
1.000000 0.000000 -0.000000 0.000000
0.000000 0.999761 -0.021846 0.000000
-0.000000 0.021846 0.999761 -0.000000
0.000017 0.030565 0.000000 1.000000
0.009276 -0.959201 -0.282574 0.000000
0.034913 -0.282104 0.958749 0.000000
-0.999347 -0.018759 0.030872 -0.000000
-0.041358 -0.383314 -1.552976 1.000000
BoneName: mixamorig8:RightHandMiddle4
BoneIndex: 47
BoneParentIndex: 46
BoneChildrenCount: 0
1.000000 0.000000 -0.000000 0.000000
0.000000 1.000000 -0.000000 0.000000
-0.000000 -0.000000 1.000000 -0.000000
0.000020 0.027187 -0.000000 1.000000
1.000000 0.000000 0.000000 0.000000
0.000000 1.000000 0.000000 0.000000
0.000000 0.000000 1.000000 0.000000
0.000000 0.000000 0.000000 1.000000
BoneName: mixamorig8:RightHandRing1
BoneIndex: 48
BoneParentIndex: 35
BoneChildrenCount: 1
49
0.997234 0.074326 -0.000000 0.000000
-0.074273 0.996521 -0.037799 0.000000
-0.002809 0.037695 0.999285 -0.000000
-0.011413 0.092016 0.001445 1.000000
-0.026589 -0.995977 -0.085571 0.000000
0.033185 -0.086434 0.995705 0.000000
-0.999095 0.023635 0.035350 -0.000000
-0.044823 -0.624104 -1.449909 1.000000
BoneName: mixamorig8:RightHandRing2
BoneIndex: 49
BoneParentIndex: 48
BoneChildrenCount: 1
50
1.000000 0.000000 -0.000000 0.000000
0.000000 0.974073 -0.226235 0.000000
-0.000000 0.226235 0.974073 -0.000000
-0.000017 0.027415 -0.000000 1.000000
-0.026589 -0.950795 -0.308677 0.000000
0.033185 -0.309456 0.950335 0.000000
-0.999095 0.015025 0.039780 -0.000000
-0.044806 -0.306607 -1.559714 1.000000
BoneName: mixamorig8:RightHandRing3
BoneIndex: 50
BoneParentIndex: 49
BoneChildrenCount: 1
51
1.000000 0.000000 -0.000000 0.000000
0.000000 0.999775 -0.021219 0.000000
-0.000000 0.021219 0.999775 -0.000000
0.000005 0.026021 -0.000000 1.000000
-0.026589 -0.944031 -0.328783 0.000000
0.033185 -0.329552 0.943554 0.000000
-0.999095 0.014177 0.040090 -0.000000
-0.044812 -0.299457 -1.566420 1.000000
BoneName: mixamorig8:RightHandRing4
BoneIndex: 51
BoneParentIndex: 50
BoneChildrenCount: 0
1.000000 0.000000 -0.000000 0.000000
0.000000 1.000000 -0.000000 0.000000
-0.000000 -0.000000 1.000000 -0.000000
0.000012 0.023022 0.000000 1.000000
1.000000 0.000000 0.000000 0.000000
0.000000 1.000000 0.000000 0.000000
0.000000 0.000000 1.000000 0.000000
0.000000 0.000000 0.000000 1.000000
BoneName: mixamorig8:RightHandPinky1
BoneIndex: 52
BoneParentIndex: 35
BoneChildrenCount: 1
53
0.998680 0.051372 -0.000000 0.000000
-0.051360 0.998434 0.022158 0.000000
0.001138 -0.022129 0.999754 -0.000000
-0.031488 0.083545 -0.001927 1.000000
-0.003618 -0.999663 -0.025718 0.000000
0.034297 -0.025827 0.999078 0.000000
-0.999405 0.002733 0.034379 -0.000000
-0.008725 -0.703229 -1.406673 1.000000
BoneName: mixamorig8:RightHandPinky2
BoneIndex: 53
BoneParentIndex: 52
BoneChildrenCount: 1
54
1.000000 0.000000 -0.000000 0.000000
0.000000 0.976039 -0.217597 0.000000
-0.000000 0.217597 0.976039 -0.000000
-0.000025 0.025673 0.000000 1.000000
-0.003618 -0.970113 -0.242626 0.000000
0.034297 -0.242605 0.969519 0.000000
-0.999405 -0.004813 0.034150 -0.000000
-0.008700 -0.405349 -1.531574 1.000000
BoneName: mixamorig8:RightHandPinky3
BoneIndex: 54
BoneParentIndex: 53
BoneChildrenCount: 1
55
1.000000 0.000000 -0.000000 0.000000
0.000000 0.999734 -0.023053 0.000000
-0.000000 0.023053 0.999734 -0.000000
0.000012 0.021328 0.000000 1.000000
-0.003618 -0.964262 -0.264925 0.000000
0.034297 -0.264890 0.963668 0.000000
-0.999405 -0.005599 0.034030 -0.000000
-0.008712 -0.391256 -1.541003 1.000000
BoneName: mixamorig8:RightHandPinky4
BoneIndex: 55
BoneParentIndex: 54
BoneChildrenCount: 0
1.000000 0.000000 -0.000000 0.000000
0.000000 1.000000 -0.000000 0.000000
-0.000000 -0.000000 1.000000 -0.000000
0.000013 0.018364 0.000000 1.000000
1.000000 0.000000 0.000000 0.000000
0.000000 1.000000 0.000000 0.000000
0.000000 0.000000 1.000000 0.000000
0.000000 0.000000 0.000000 1.000000
BoneName: mixamorig8:LeftUpLeg
BoneIndex: 56
BoneParentIndex: 1
BoneChildrenCount: 1
57
-0.998551 -0.053765 0.002289 0.000000
0.053813 -0.997647 0.042483 0.000000
0.000000 0.042545 0.999095 -0.000000
0.098109 -0.050720 0.000001 1.000000
-0.998551 0.053813 -0.000000 0.000000
-0.053765 -0.997647 0.042545 0.000000
0.002289 0.042483 0.999095 -0.000000
0.148781 0.937591 -0.031837 1.000000
BoneName: mixamorig8:LeftLeg
BoneIndex: 57
BoneParentIndex: 56
BoneChildrenCount: 1
58
0.999936 0.011275 -0.000000 0.000000
-0.011237 0.996609 0.081513 0.000000
0.000919 -0.081508 0.996672 -0.000000
0.000000 0.448572 0.000000 1.000000
-0.997881 0.064852 -0.005304 0.000000
-0.065010 -0.990192 0.123670 0.000000
0.002768 0.123753 0.992309 -0.000000
0.154286 0.483094 -0.071453 1.000000
BoneName: mixamorig8:LeftFoot
BoneIndex: 58
BoneParentIndex: 57
BoneChildrenCount: 1
59
0.999102 0.000000 -0.042365 0.000000
-0.038928 0.394518 -0.918063 0.000000
0.016714 0.918888 0.394164 -0.000000
-0.004919 0.353128 0.000502 1.000000
-0.996760 0.069301 0.040823 0.000000
-0.070191 -0.501655 -0.862216 0.000000
-0.039273 -0.862288 0.504894 -0.000000
0.162110 0.111136 0.093723 1.000000
BoneName: mixamorig8:LeftToeBase
BoneIndex: 59
BoneParentIndex: 58
BoneChildrenCount: 1
60
0.985031 0.000000 -0.172378 0.000000
-0.089498 0.854657 -0.511421 0.000000
0.147324 0.519193 0.841863 -0.000000
0.004936 0.165039 0.069403 1.000000
-0.988877 0.127558 -0.076499 0.000000
0.079487 0.018494 -0.996664 0.000000
-0.125718 -0.991659 -0.028428 -0.000000
0.150629 -0.072573 0.015643 1.000000
BoneName: mixamorig8:LeftToe_End
BoneIndex: 60
BoneParentIndex: 59
BoneChildrenCount: 0
1.000000 0.000000 -0.000000 0.000000
0.000000 1.000000 -0.000000 0.000000
-0.000000 -0.000000 1.000000 -0.000000
0.000000 0.050043 -0.000000 1.000000
-0.988877 0.127558 -0.076499 0.000000
0.079487 0.018494 -0.996664 0.000000
-0.125718 -0.991659 -0.028428 -0.000000
0.150629 -0.122616 0.015643 1.000000
BoneName: mixamorig8:RightUpLeg
BoneIndex: 61
BoneParentIndex: 1
BoneChildrenCount: 1
62
-0.998551 0.053750 -0.002456 0.000000
-0.053806 -0.997511 0.045576 0.000000
0.000000 0.045642 0.998958 -0.000000
-0.098109 -0.050720 -0.001503 1.000000
-0.998551 -0.053806 -0.000000 0.000000
0.053750 -0.997511 0.045642 0.000000
-0.002456 0.045576 0.998958 -0.000000
-0.148768 0.937558 -0.033262 1.000000
BoneName: mixamorig8:RightLeg
BoneIndex: 62
BoneParentIndex: 61
BoneChildrenCount: 1
63
0.999934 -0.011479 -0.000000 0.000000
0.011479 0.999908 0.007208 0.000000
-0.000083 -0.007208 0.999974 -0.000000
0.000000 0.448633 0.000000 1.000000
-0.997868 -0.065263 0.000470 0.000000
0.065197 -0.996473 0.052827 0.000000
-0.002979 0.052745 0.998604 -0.000000
-0.154371 0.486932 -0.036773 1.000000
BoneName: mixamorig8:RightFoot
BoneIndex: 63
BoneParentIndex: 62
BoneChildrenCount: 1
64
0.998367 0.000000 0.057126 0.000000
0.046794 0.573597 -0.817800 0.000000
-0.032767 0.819138 0.572660 -0.000000
0.004844 0.352202 0.025772 1.000000
-0.996212 -0.084514 -0.020493 0.000000
0.068108 -0.611725 -0.788133 0.000000
0.054072 -0.786543 0.615163 -0.000000
-0.162528 0.120980 0.079763 1.000000
BoneName: mixamorig8:RightToeBase
BoneIndex: 64
BoneParentIndex: 63
BoneChildrenCount: 1
65
0.993085 0.000000 0.117395 0.000000
0.073535 0.779509 -0.622060 0.000000
-0.091511 0.626391 0.774119 -0.000000
-0.006309 0.173855 0.045921 1.000000
-0.991729 -0.126388 0.022362 0.000000
-0.024886 0.018429 -0.999520 0.000000
0.125916 -0.991810 -0.021422 -0.000000
-0.151166 -0.073755 0.007373 1.000000
BoneName: mixamorig8:RightToe_End
BoneIndex: 65
BoneParentIndex: 64
BoneChildrenCount: 0
1.000000 0.000000 -0.000000 0.000000
0.000000 1.000000 -0.000000 0.000000
-0.000000 -0.000000 1.000000 -0.000000
0.000000 0.050503 -0.000000 1.000000
-0.991729 -0.126388 0.022362 0.000000
-0.024886 0.018429 -0.999520 0.000000
0.125916 -0.991810 -0.021422 -0.000000
-0.151166 -0.124258 0.007373 1.000000
BoneName: Ch07_Heels
BoneIndex: 66
BoneParentIndex: 0
BoneChildrenCount: 0
1.000000 0.000000 -0.000000 0.000000
0.000000 1.000000 -0.000000 0.000000
-0.000000 -0.000000 1.000000 -0.000000
0.000000 0.000000 -0.000000 1.000000
1.000000 0.000000 0.000000 0.000000
0.000000 1.000000 0.000000 0.000000
0.000000 0.000000 1.000000 0.000000
0.000000 0.000000 0.000000 1.000000
BoneName: Ch07_Body
BoneIndex: 67
BoneParentIndex: 0
BoneChildrenCount: 0
1.000000 0.000000 -0.000000 0.000000
0.000000 1.000000 -0.000000 0.000000
-0.000000 -0.000000 1.000000 -0.000000
0.000000 0.000000 -0.000000 1.000000
1.000000 0.000000 0.000000 0.000000
0.000000 1.000000 0.000000 0.000000
0.000000 0.000000 1.000000 0.000000
0.000000 0.000000 0.000000 1.000000
BoneName: Ch07_Eyelashes
BoneIndex: 68
BoneParentIndex: 0
BoneChildrenCount: 0
1.000000 0.000000 -0.000000 0.000000
0.000000 1.000000 -0.000000 0.000000
-0.000000 -0.000000 1.000000 -0.000000
0.000000 0.000000 -0.000000 1.000000
1.000000 0.000000 0.000000 0.000000
0.000000 1.000000 0.000000 0.000000
0.000000 0.000000 1.000000 0.000000
0.000000 0.000000 0.000000 1.000000
BoneName: Ch07_Pants
BoneIndex: 69
BoneParentIndex: 0
BoneChildrenCount: 0
1.000000 0.000000 -0.000000 0.000000
0.000000 1.000000 -0.000000 0.000000
-0.000000 -0.000000 1.000000 -0.000000
0.000000 0.000000 -0.000000 1.000000
1.000000 0.000000 0.000000 0.000000
0.000000 1.000000 0.000000 0.000000
0.000000 0.000000 1.000000 0.000000
0.000000 0.000000 0.000000 1.000000
BoneName: Ch07_Suit
BoneIndex: 70
BoneParentIndex: 0
BoneChildrenCount: 0
1.000000 0.000000 -0.000000 0.000000
0.000000 1.000000 -0.000000 0.000000
-0.000000 -0.000000 1.000000 -0.000000
0.000000 0.000000 -0.000000 1.000000
1.000000 0.000000 0.000000 0.000000
0.000000 1.000000 0.000000 0.000000
0.000000 0.000000 1.000000 0.000000
0.000000 0.000000 0.000000 1.000000
BoneName: Ch07_Shirt
BoneIndex: 71
BoneParentIndex: 0
BoneChildrenCount: 0
1.000000 0.000000 -0.000000 0.000000
0.000000 1.000000 -0.000000 0.000000
-0.000000 -0.000000 1.000000 -0.000000
0.000000 0.000000 -0.000000 1.000000
1.000000 0.000000 0.000000 0.000000
0.000000 1.000000 0.000000 0.000000
0.000000 0.000000 1.000000 0.000000
0.000000 0.000000 0.000000 1.000000
BoneName: Ch07_Hair
BoneIndex: 72
BoneParentIndex: 0
BoneChildrenCount: 0
1.000000 0.000000 -0.000000 0.000000
0.000000 1.000000 -0.000000 0.000000
-0.000000 -0.000000 1.000000 -0.000000
0.000000 0.000000 -0.000000 1.000000
1.000000 0.000000 0.000000 0.000000
0.000000 1.000000 0.000000 0.000000
0.000000 0.000000 1.000000 0.000000
0.000000 0.000000 0.000000 1.000000
